2.989999999999999858e+01 2.880769689637821714e-03 1.501009999999999991e+02
2.919999999999999929e+01 2.962245011908347207e-03 1.500739999999999839e+02
2.789999999999999858e+01 2.869836789638347506e-03 1.500079999999999814e+02
2.760000000000000142e+01 2.848511815268348242e-03 1.500999999999999943e+02
2.680000000000000071e+01 2.922878812748872825e-03 1.500430000000000064e+02
2.650000000000000000e+01 2.901553838378871826e-03 1.500480000000000018e+02
2.610000000000000142e+01 3.004354135019396584e-03 1.499199999999999875e+02
2.519999999999999929e+01 2.940379211909397057e-03 1.499739999999999895e+02
2.480000000000000071e+01 2.911945912749396882e-03 1.500759999999999934e+02
2.289999999999999858e+01 2.908121337539921851e-03 1.500140000000000100e+02
2.219999999999999929e+01 2.858363064009920677e-03 1.499819999999999993e+02
2.210000000000000142e+01 2.851254739219921501e-03 1.501229999999999905e+02
2.230000000000000071e+01 2.865471388799921588e-03 1.500500000000000114e+02
2.139999999999999858e+01 2.932730061490446995e-03 1.501779999999999973e+02
2.080000000000000071e+01 2.890080112750446732e-03 1.501260000000000048e+02
1.980000000000000071e+01 2.950230460650971227e-03 1.500800000000000125e+02
1.950000000000000000e+01 2.928905486280971963e-03 1.500190000000000055e+02
1.869999999999999929e+01 2.872038887960971613e-03 1.500099999999999909e+02
1.710000000000000142e+01 2.889539287121495846e-03 1.500749999999999886e+02
1.660000000000000142e+01 2.853997663171496495e-03 1.499569999999999936e+02
1.639999999999999858e+01 2.839781013591496407e-03 1.500749999999999886e+02
1.600000000000000000e+01 2.942581310232021165e-03 1.500039999999999907e+02
1.540000000000000036e+01 2.899931361492020902e-03 1.498479999999999848e+02
1.480000000000000071e+01 2.857281412752020640e-03 1.501009999999999991e+02
1.269999999999999929e+01 2.839240187962545521e-03 1.500810000000000173e+02
1.250000000000000000e+01 2.825023538382545434e-03 1.500289999999999964e+02
1.230000000000000071e+01 2.942040484603070279e-03 1.500039999999999907e+02
1.100000000000000000e+01 2.849632262333070577e-03 1.500749999999999886e+02
1.100000000000000000e+01 2.849632262333070577e-03 1.500629999999999882e+02
1.069999999999999929e+01 2.959540883763596246e-03 1.501049999999999898e+02
9.800000000000000711e+00 2.895565960653596720e-03 1.499920000000000186e+02
9.400000000000000355e+00 2.998366257294121477e-03 1.500200000000000102e+02
8.599999999999999645e+00 3.072733254774646060e-03 1.502700000000000102e+02
8.099999999999999645e+00 3.037191630824644974e-03 1.499139999999999873e+02
7.500000000000000000e+00 2.994541682084646446e-03 1.500840000000000032e+02
5.799999999999999822e+00 3.004933756455171502e-03 1.501639999999999873e+02
5.500000000000000000e+00 2.983608782085170504e-03 1.500469999999999970e+02
5.200000000000000178e+00 3.224750999316221105e-03 1.497729999999999961e+02
4.500000000000000000e+00 3.043759129985694999e-03 1.500989999999999895e+02
3.299999999999999822e+00 3.089692828306221141e-03 1.501430000000000007e+02
2.600000000000000089e+00 3.039934554776219967e-03 1.500879999999999939e+02
2.799999999999999822e+00 3.185384800156744987e-03 1.501500000000000057e+02
1.800000000000000044e+00 3.114301552256746285e-03 1.499699999999999989e+02
1.399999999999999911e+00 3.217101848897271042e-03 1.501440000000000055e+02
-5.999999999999999778e-01 3.337402544698320032e-03 1.502489999999999952e+02
-5.000000000000000000e-01 3.344510869488320944e-03 1.499579999999999984e+02
-1.199999999999999956e+00 3.557219787559369635e-03 1.501090000000000089e+02
-1.699999999999999956e+00 3.521678163609370284e-03 1.500459999999999923e+02
-2.200000000000000178e+00 3.486136539659370932e-03 1.500960000000000036e+02
-3.200000000000000178e+00 3.677520483360420360e-03 1.500840000000000032e+02
-3.899999999999999911e+00 3.627762209830419186e-03 1.499070000000000107e+02
-5.000000000000000000e+00 3.680804232940944505e-03 1.497009999999999934e+02
-5.400000000000000355e+00 3.783604529581469263e-03 1.501109999999999900e+02
-6.099999999999999645e+00 4.127547043453044621e-03 1.501310000000000002e+02
-6.900000000000000355e+00 4.070680445133044272e-03 1.500949999999999989e+02
-8.099999999999999645e+00 4.116614143453570414e-03 1.499320000000000164e+02
-9.000000000000000000e+00 4.183872816144094085e-03 1.502789999999999964e+02
-8.500000000000000000e+00 4.219414440094095171e-03 1.499230000000000018e+02
-9.500000000000000000e+00 4.279564787994619667e-03 1.500210000000000150e+02
-1.069999999999999929e+01 4.456732082115669007e-03 1.499489999999999839e+02
-1.080000000000000071e+01 4.580857353126194763e-03 1.502400000000000091e+02
-1.169999999999999929e+01 4.516882430016193502e-03 1.499779999999999802e+02
-1.300000000000000000e+01 4.555707803546720468e-03 1.501740000000000066e+02
-1.350000000000000000e+01 4.782633371197770981e-03 1.499660000000000082e+02
-1.400000000000000000e+01 4.747091747247769895e-03 1.499739999999999895e+02
-1.409999999999999964e+01 5.002450614058820584e-03 1.500949999999999989e+02
-1.480000000000000071e+01 5.215159532129869276e-03 1.496699999999999875e+02
-1.540000000000000036e+01 5.434976774990918878e-03 1.500420000000000016e+02
-1.669999999999999929e+01 5.736269340122493975e-03 1.499000000000000057e+02
-1.730000000000000071e+01 5.693619391382493712e-03 1.501550000000000011e+02
-1.839999999999999858e+01 5.877895010293543963e-03 1.502379999999999995e+02
-1.860000000000000142e+01 6.126145552314593741e-03 1.502129999999999939e+02
-1.960000000000000142e+01 6.186295900215116501e-03 1.499060000000000059e+02
-1.989999999999999858e+01 6.558671713246693770e-03 1.501680000000000064e+02
-2.010000000000000142e+01 6.938155851068266745e-03 1.501150000000000091e+02
-2.110000000000000142e+01 7.129539794769317908e-03 1.496629999999999825e+02
-2.169999999999999929e+01 7.480590633430890708e-03 1.499710000000000036e+02
-2.269999999999999929e+01 7.934441768732990868e-03 1.495889999999999986e+02
-2.300000000000000000e+01 8.438051177565093069e-03 1.501229999999999905e+02
-2.419999999999999929e+01 9.008919259087717207e-03 1.498520000000000039e+02
-2.439999999999999858e+01 9.257169801108761781e-03 1.500870000000000175e+02
-2.569999999999999929e+01 1.047709753684401487e-02 1.502579999999999814e+02
-2.560000000000000142e+01 1.074667305323506392e-02 1.500240000000000009e+02
-2.680000000000000071e+01 1.223617630536136258e-02 1.497570000000000050e+02
-2.700000000000000000e+01 1.235319325158188569e-02 1.500829999999999984e+02
-2.830000000000000071e+01 1.383558817891818865e-02 1.501740000000000066e+02
-2.810000000000000142e+01 1.411227202009923687e-02 1.499850000000000136e+02
-2.939999999999999858e+01 1.533219975583448649e-02 1.498400000000000034e+02
-3.010000000000000142e+01 1.620107665290816332e-02 1.497870000000000061e+02
-3.030000000000000071e+01 1.684302798233078963e-02 1.499050000000000011e+02
-3.100000000000000000e+01 1.836807285840708417e-02 1.499320000000000164e+02
-3.119999999999999929e+01 1.901002418782971048e-02 1.491500000000000057e+02
-3.279999999999999716e+01 2.047109414079600551e-02 1.498789999999999907e+02
-3.350000000000000000e+01 2.120873744206916087e-02 1.504429999999999836e+02
-3.370000000000000284e+01 2.145698798409020891e-02 1.498259999999999934e+02
-3.460000000000000142e+01 2.244288182738440884e-02 1.500010000000000048e+02
-3.539999999999999858e+01 2.317341680386755462e-02 1.500079999999999814e+02
-3.620000000000000284e+01 2.390395178035071080e-02 1.499560000000000173e+02
-3.679999999999999716e+01 2.438623621481280507e-02 1.499489999999999839e+02
-3.750000000000000000e+01 2.512387951608595002e-02 1.499600000000000080e+02
-3.820000000000000284e+01 2.586152281735911232e-02 1.499960000000000093e+02
-3.879999999999999716e+01 2.647504084762173845e-02 1.498389999999999986e+02
-3.950000000000000000e+01 2.695021695729383701e-02 1.497750000000000057e+02
-4.010000000000000142e+01 2.756373498755644927e-02 1.500900000000000034e+02
-4.079999999999999716e+01 2.803891109722855476e-02 1.498670000000000186e+02
-4.139999999999999858e+01 2.852119553169065250e-02 1.498340000000000032e+02
-4.210000000000000142e+01 2.899637164136275105e-02 1.497420000000000186e+02
-4.270000000000000284e+01 2.934742248002433426e-02 1.498089999999999975e+02
-4.329999999999999716e+01 2.969847331868591053e-02 1.497969999999999970e+02
-4.389999999999999858e+01 2.991829056154696534e-02 1.498010000000000161e+02
-4.460000000000000142e+01 3.026223307541853549e-02 1.497479999999999905e+02
-4.510000000000000142e+01 3.048915864306957560e-02 1.499360000000000070e+02
-4.579999999999999716e+01 3.083310115694116657e-02 1.498360000000000127e+02
-4.620000000000000284e+01 3.093590145358167745e-02 1.499279999999999973e+02
-4.679999999999999716e+01 3.128695229224325025e-02 1.496550000000000011e+02
-4.729999999999999716e+01 3.138264426409378277e-02 1.498720000000000141e+02
-4.800000000000000000e+01 3.159535318216482452e-02 1.498960000000000150e+02
-4.839999999999999858e+01 3.169815347880537010e-02 1.498700000000000045e+02
-4.879999999999999716e+01 3.193218737124640938e-02 1.499499999999999886e+02
-4.929999999999999716e+01 3.202787934309692108e-02 1.498439999999999941e+02
-4.989999999999999858e+01 3.224769658595798283e-02 1.497920000000000016e+02
-5.039999999999999858e+01 3.234338855780850841e-02 1.499170000000000016e+02
-5.079999999999999716e+01 3.244618885444902623e-02 1.499479999999999791e+02
-5.150000000000000000e+01 3.265889777252008186e-02 1.499629999999999939e+02
-5.179999999999999716e+01 3.276880639395060579e-02 1.499300000000000068e+02
-5.239999999999999858e+01 3.285739004101112526e-02 1.499610000000000127e+02
-5.279999999999999716e+01 3.296019033765165002e-02 1.500070000000000050e+02
-5.329999999999999716e+01 3.305588230950218254e-02 1.500310000000000059e+02
-5.370000000000000284e+01 3.315868260614270729e-02 1.499890000000000043e+02
-5.420000000000000284e+01 3.325437457799322594e-02 1.499540000000000077e+02
-5.479999999999999716e+01 3.347419182085428074e-02 1.499310000000000116e+02
-5.510000000000000142e+01 3.345286684648428321e-02 1.501029999999999802e+02
-5.570000000000000284e+01 3.354145049354480962e-02 1.501109999999999900e+02
-5.610000000000000142e+01 3.364425079018533438e-02 1.499519999999999982e+02
-5.629999999999999716e+01 3.363003414060533602e-02 1.500570000000000164e+02
-5.679999999999999716e+01 3.372572611245585467e-02 1.498870000000000005e+02
-5.720000000000000284e+01 3.382852640909637942e-02 1.499900000000000091e+02
-5.760000000000000142e+01 3.380009310993638272e-02 1.499260000000000161e+02
-5.810000000000000142e+01 3.389578508178690830e-02 1.499699999999999989e+02
-5.860000000000000142e+01 3.399147705363743388e-02 1.499189999999999827e+02
-5.900000000000000000e+01 3.396304375447743717e-02 1.499530000000000030e+02
-5.929999999999999716e+01 3.407295237590795417e-02 1.502350000000000136e+02
-5.970000000000000284e+01 3.404451907674795053e-02 1.498189999999999884e+02
-6.010000000000000142e+01 3.401608577758795382e-02 1.501349999999999909e+02
-6.039999999999999858e+01 3.412599439901847775e-02 1.500529999999999973e+02
-6.110000000000000142e+01 3.420746972128900498e-02 1.501160000000000139e+02
-6.150000000000000000e+01 3.417903642212900828e-02 1.500500000000000114e+02
-6.189999999999999858e+01 3.428183671876952610e-02 1.500039999999999907e+02
-6.229999999999999716e+01 3.425340341960952245e-02 1.500120000000000005e+02
-6.270000000000000284e+01 3.435620371625004721e-02 1.498870000000000005e+02
-6.279999999999999716e+01 3.434909539146005497e-02 1.501570000000000107e+02
-6.320000000000000284e+01 3.445189568810057973e-02 1.500270000000000152e+02
-6.360000000000000142e+01 3.442346238894057608e-02 1.498700000000000045e+02
-6.400000000000000000e+01 3.439502908978057938e-02 1.501160000000000139e+02
-6.429999999999999716e+01 3.437370411541058185e-02 1.500399999999999920e+02
-6.470000000000000284e+01 3.447650441205110661e-02 1.500169999999999959e+02
-6.509999999999999432e+01 3.444807111289110990e-02 1.498799999999999955e+02
-6.540000000000000568e+01 3.455797973432163384e-02 1.500260000000000105e+02
-6.590000000000000568e+01 3.452243811037163795e-02 1.500589999999999975e+02
-6.620000000000000284e+01 3.450111313600163349e-02 1.500790000000000077e+02
-6.670000000000000284e+01 3.459680510785215213e-02 1.502249999999999943e+02
-6.709999999999999432e+01 3.456837180869214848e-02 1.499699999999999989e+02
-6.740000000000000568e+01 3.454704683432215095e-02 1.500889999999999986e+02
-6.779999999999999716e+01 3.464984713096268265e-02 1.499420000000000073e+02
-6.850000000000000000e+01 3.460008885743268148e-02 1.500320000000000107e+02
-6.879999999999999716e+01 3.457876388306267701e-02 1.500970000000000084e+02
-6.920000000000000284e+01 3.468156417970320871e-02 1.499879999999999995e+02
-6.970000000000000284e+01 3.464602255575320588e-02 1.500729999999999791e+02
-7.004000000000000625e+01 3.462185425146720869e-02 1.500389999999999873e+02
-6.959999999999999432e+01 3.478436447634373346e-02 1.500289999999999964e+02
-6.959999999999999432e+01 3.465313088054320506e-02 1.499449999999999932e+02
-6.979999999999999716e+01 3.463891423096320671e-02 1.500579999999999927e+02
-6.929999999999999716e+01 3.467445585491320953e-02 1.501730000000000018e+02
-6.990000000000000568e+01 3.476303950197373593e-02 1.501049999999999898e+02
-6.979999999999999716e+01 3.477014782676373511e-02 1.498859999999999957e+02
-6.940000000000000568e+01 3.466734753012321035e-02 1.500720000000000027e+02
-6.979999999999999716e+01 3.463891423096320671e-02 1.500180000000000007e+02
-6.870000000000000284e+01 3.458587220785267619e-02 1.499939999999999998e+02
-6.779999999999999716e+01 3.464984713096268265e-02 1.500459999999999923e+02
-6.770000000000000284e+01 3.452572185995215343e-02 1.501370000000000005e+02
-6.729999999999999716e+01 3.455415515911215013e-02 1.500810000000000173e+02
-6.650000000000000000e+01 3.447978816163163596e-02 1.500250000000000057e+02
-6.559999999999999432e+01 3.441252948894110708e-02 1.500480000000000018e+02
-6.470000000000000284e+01 3.447650441205110661e-02 1.499749999999999943e+02
-6.400000000000000000e+01 3.452626268558110778e-02 1.505180000000000007e+02
-6.300000000000000000e+01 3.433487874188004968e-02 1.498040000000000020e+02
-6.260000000000000142e+01 3.436331204104005332e-02 1.499089999999999918e+02
-6.179999999999999716e+01 3.428894504355952527e-02 1.500130000000000052e+02
-6.120000000000000284e+01 3.420036139649900581e-02 1.498829999999999814e+02
-6.070000000000000284e+01 3.423590302044900863e-02 1.502079999999999984e+02
-5.989999999999999858e+01 3.416153602296848057e-02 1.500459999999999923e+02
-5.921999999999999886e+01 3.407863903573995351e-02 1.499270000000000209e+02
-5.850000000000000000e+01 3.399858537842744000e-02 1.500709999999999980e+02
-5.800000000000000000e+01 3.403412700237743588e-02 1.500970000000000084e+02
-5.770000000000000284e+01 3.392421838094690500e-02 1.500510000000000161e+02
-5.679999999999999716e+01 3.385695970825638307e-02 1.501090000000000089e+02
-5.600000000000000000e+01 3.378259271077585502e-02 1.500790000000000077e+02
-5.550000000000000000e+01 3.381813433472585090e-02 1.502139999999999986e+02
-5.500000000000000000e+01 3.372244236287533919e-02 1.500039999999999907e+02
-5.410000000000000142e+01 3.365518369018481032e-02 1.501670000000000016e+02
-5.350000000000000000e+01 3.369783363892481232e-02 1.501320000000000050e+02
-5.279999999999999716e+01 3.361635831665427815e-02 1.500109999999999957e+02
-5.200000000000000000e+01 3.354199131917375010e-02 1.500079999999999814e+02
-5.139999999999999858e+01 3.345340767211322369e-02 1.500120000000000005e+02
-5.079999999999999716e+01 3.349605762085322569e-02 1.499320000000000164e+02
-5.010000000000000142e+01 3.341458229858271234e-02 1.499290000000000020e+02
-4.950000000000000000e+01 3.332599865152217899e-02 1.500520000000000209e+02
-4.889999999999999858e+01 3.336864860026218099e-02 1.500780000000000030e+02
-4.820000000000000284e+01 3.328717327799165376e-02 1.499320000000000164e+02
-4.750000000000000000e+01 3.320569795572112654e-02 1.501510000000000105e+02
-4.679999999999999716e+01 3.312422263345060625e-02 1.499929999999999950e+02
-4.620000000000000284e+01 3.303563898639007984e-02 1.499370000000000118e+02
-4.560000000000000142e+01 3.307828893513008184e-02 1.500140000000000100e+02
-4.479999999999999716e+01 3.300392193764955379e-02 1.499830000000000041e+02
-4.429999999999999716e+01 3.290822996579902127e-02 1.498379999999999939e+02
-4.360000000000000142e+01 3.282675464352850792e-02 1.499809999999999945e+02
-4.289999999999999858e+01 3.287651291705850909e-02 1.498839999999999861e+02
-4.229999999999999716e+01 3.278792926999798268e-02 1.498660000000000139e+02
-4.179999999999999716e+01 3.269223729814745016e-02 1.500420000000000016e+02
-4.110000000000000142e+01 3.274199557167745134e-02 1.500739999999999839e+02
-4.060000000000000142e+01 3.264630359982692576e-02 1.499379999999999882e+02
-4.000000000000000000e+01 3.255771995276640629e-02 1.498880000000000052e+02
-3.950000000000000000e+01 3.259326157671640911e-02 1.499799999999999898e+02
-3.889999999999999858e+01 3.250467792965588271e-02 1.498710000000000093e+02
-3.839999999999999858e+01 3.254021955360587859e-02 1.498839999999999861e+02
-3.779999999999999716e+01 3.245163590654536606e-02 1.498499999999999943e+02
-3.729999999999999716e+01 3.235594393469482660e-02 1.500130000000000052e+02
-3.679999999999999716e+01 3.239148555864482248e-02 1.500840000000000032e+02
-3.620000000000000284e+01 3.230290191158430996e-02 1.500600000000000023e+02
-3.560000000000000142e+01 3.234555186032431195e-02 1.500360000000000014e+02
-3.500000000000000000e+01 3.225696821326377861e-02 1.499869999999999948e+02
-3.439999999999999858e+01 3.229961816200378061e-02 1.499879999999999995e+02
-3.389999999999999858e+01 3.220392619015325503e-02 1.499219999999999970e+02
-3.329999999999999716e+01 3.211534254309274250e-02 1.499360000000000070e+02
-3.250000000000000000e+01 3.204097554561220751e-02 1.501179999999999950e+02
-3.200000000000000000e+01 3.207651716956221033e-02 1.500169999999999959e+02
-3.139999999999999858e+01 3.198793352250168393e-02 1.499020000000000152e+02
-3.089999999999999858e+01 3.189224155065116528e-02 1.499329999999999927e+02
-3.010000000000000142e+01 3.194910814897116563e-02 1.498789999999999907e+02
-2.939999999999999858e+01 3.186763282670062453e-02 1.499660000000000082e+02
-2.900000000000000000e+01 3.176483253006011365e-02 1.499699999999999989e+02
-2.830000000000000071e+01 3.168335720778957948e-02 1.500229999999999961e+02
-2.750000000000000000e+01 3.174022380610957983e-02 1.500020000000000095e+02
-2.689999999999999858e+01 3.165164015904905342e-02 1.500989999999999895e+02
-2.619999999999999929e+01 3.170139843257905460e-02 1.499180000000000064e+02
-2.560000000000000142e+01 3.161281478551854207e-02 1.499499999999999886e+02
-2.489999999999999858e+01 3.153133946324799403e-02 1.499389999999999930e+02
-2.419999999999999929e+01 3.144986414097748068e-02 1.499739999999999895e+02
-2.360000000000000142e+01 3.149251408971748267e-02 1.499370000000000118e+02
-2.300000000000000000e+01 3.140393044265697015e-02 1.500099999999999909e+02
-2.239999999999999858e+01 3.131534679559642292e-02 1.500049999999999955e+02
-2.160000000000000142e+01 3.124097979811590528e-02 1.499530000000000030e+02
-2.089999999999999858e+01 3.115950447584537805e-02 1.500220000000000198e+02
-2.030000000000000071e+01 3.120215442458538005e-02 1.498940000000000055e+02
-1.960000000000000142e+01 3.112067910231485282e-02 1.499689999999999941e+02
-1.900000000000000000e+01 3.103209545525433335e-02 1.500070000000000050e+02
-1.839999999999999858e+01 3.094351180819379307e-02 1.498290000000000077e+02
-1.760000000000000142e+01 3.086914481071327890e-02 1.499639999999999986e+02
-1.689999999999999858e+01 3.065643589264223715e-02 1.500840000000000032e+02
-1.619999999999999929e+01 3.057496057037170992e-02 1.499859999999999900e+02
-1.569999999999999929e+01 3.047926859852117740e-02 1.499320000000000164e+02
-1.490000000000000036e+01 3.040490160104064934e-02 1.500320000000000107e+02
-1.419999999999999929e+01 3.019219268296960759e-02 1.500300000000000011e+02
-1.380000000000000071e+01 3.008939238632908283e-02 1.500739999999999839e+02
-1.290000000000000036e+01 2.989090011783803943e-02 1.500200000000000102e+02
-1.219999999999999929e+01 2.967819119976698380e-02 1.498829999999999814e+02
-1.159999999999999964e+01 2.958960755270645046e-02 1.500579999999999927e+02
-1.090000000000000036e+01 2.924566503883488031e-02 1.501299999999999955e+02
-1.019999999999999929e+01 2.903295612076383855e-02 1.497220000000000084e+02
-9.599999999999999645e+00 2.894437247370331215e-02 1.500169999999999959e+02
-8.900000000000000355e+00 2.860042995983173506e-02 1.498100000000000023e+02
1.800000000000000044e+00 2.074999709031448772e-02 1.503950000000000102e+02
2.399999999999999911e+00 1.711810635663979160e-02 1.503060000000000116e+02
3.200000000000000178e+00 1.297549788934299238e-02 1.505130000000000052e+02
3.799999999999999822e+00 9.212373559867771330e-03 1.503559999999999945e+02
4.400000000000000355e+00 7.024052379998846005e-03 1.504629999999999939e+02
5.099999999999999645e+00 6.155175482925170916e-03 1.504950000000000045e+02
5.799999999999999822e+00 5.679999373253072359e-03 1.502609999999999957e+02
6.500000000000000000e+00 5.336056859381497000e-03 1.501939999999999884e+02
7.099999999999999645e+00 5.116239616520447397e-03 1.503280000000000030e+02
7.799999999999999822e+00 4.903530698449398706e-03 1.503170000000000073e+02
8.400000000000000355e+00 4.814947051388872301e-03 1.501770000000000209e+02
9.099999999999999645e+00 4.602238133317821875e-03 1.503810000000000002e+02
9.900000000000000355e+00 4.527871135837297292e-03 1.502420000000000186e+02
1.030000000000000071e+01 4.425070839196772535e-03 1.503189999999999884e+02
1.109999999999999964e+01 4.350703841716246217e-03 1.500550000000000068e+02
1.180000000000000071e+01 4.269228519445722458e-03 1.500379999999999825e+02
1.240000000000000036e+01 4.049411276584672856e-03 1.501709999999999923e+02
1.319999999999999929e+01 3.975044279104146538e-03 1.500560000000000116e+02
1.369999999999999929e+01 3.879352307253622258e-03 1.500920000000000130e+02
1.450000000000000000e+01 3.804985309773097676e-03 1.500439999999999827e+02
1.500000000000000000e+01 3.709293337922572095e-03 1.500600000000000023e+02
1.569999999999999929e+01 3.759051611452572401e-03 1.500960000000000036e+02
1.650000000000000000e+01 3.684684613972047818e-03 1.499749999999999943e+02
1.710000000000000142e+01 3.596100966911522281e-03 1.498370000000000175e+02
1.769999999999999929e+01 3.507517319850997611e-03 1.499819999999999993e+02
1.850000000000000000e+01 3.564383918170997961e-03 1.498779999999999859e+02
1.910000000000000142e+01 3.475800271110473291e-03 1.499579999999999984e+02
1.980000000000000071e+01 3.394324948839947797e-03 1.500289999999999964e+02
2.039999999999999858e+01 3.436974897579948059e-03 1.500679999999999836e+02
2.110000000000000142e+01 3.355499575309422566e-03 1.498839999999999861e+02
2.169999999999999929e+01 3.266915928248897896e-03 1.499079999999999870e+02
2.230000000000000071e+01 3.309565876988898158e-03 1.500140000000000100e+02
2.300000000000000000e+01 3.228090554718372664e-03 1.499600000000000080e+02
2.380000000000000071e+01 3.153723557237848082e-03 1.498789999999999907e+02
2.450000000000000000e+01 3.203481830767848388e-03 1.499569999999999936e+02
2.519999999999999929e+01 3.122006508497322894e-03 1.499499999999999886e+02
2.580000000000000071e+01 3.164656457237323157e-03 1.499079999999999870e+02
2.650000000000000000e+01 3.083181134966798530e-03 1.499310000000000116e+02
2.719999999999999929e+01 3.132939408496797969e-03 1.499290000000000020e+02
2.780000000000000071e+01 3.044355761436273299e-03 1.498890000000000100e+02
2.839999999999999858e+01 2.955772114375748629e-03 1.499590000000000032e+02
2.919999999999999929e+01 3.012638712695748979e-03 1.498950000000000102e+02
3.000000000000000000e+01 2.938271715215223529e-03 1.499199999999999875e+02
