1.969999999999999929e+01 1.237085390454147060e-03 4.996899999999999409e+01
1.930000000000000071e+01 1.339885687094672685e-03 5.000600000000000023e+01
1.869999999999999929e+01 1.297235738354672423e-03 5.003300000000000125e+01
1.869999999999999929e+01 1.297235738354672423e-03 5.008800000000000097e+01
1.810000000000000142e+01 1.385819385415197093e-03 5.013199999999999790e+01
1.760000000000000142e+01 1.350277761465196874e-03 5.015399999999999636e+01
1.680000000000000071e+01 1.293411163145197391e-03 5.020899999999999608e+01
1.619999999999999929e+01 1.381994810205722062e-03 5.009199999999999875e+01
1.490000000000000036e+01 1.289586587935722360e-03 5.022699999999999676e+01
1.350000000000000000e+01 1.190070040875721748e-03 5.007699999999999818e+01
1.369999999999999929e+01 1.204286690455721835e-03 5.017399999999999949e+01
1.369999999999999929e+01 1.204286690455721835e-03 4.995799999999999841e+01
1.269999999999999929e+01 1.133203442555722265e-03 5.014300000000000068e+01
1.250000000000000000e+01 1.250220388776247110e-03 5.033899999999999864e+01
1.150000000000000000e+01 1.047903545075721740e-03 4.997200000000000131e+01
1.090000000000000036e+01 1.005253596335722345e-03 5.018399999999999750e+01
9.900000000000000355e+00 1.065403944236246840e-03 5.025000000000000000e+01
9.599999999999999645e+00 1.044078969866246709e-03 4.994899999999999807e+01
9.099999999999999645e+00 1.008537345916246490e-03 5.001399999999999579e+01
7.299999999999999822e+00 1.011821095496771503e-03 5.010000000000000142e+01
6.799999999999999822e+00 9.762794715467721512e-04 5.008399999999999608e+01
6.700000000000000178e+00 1.100404742557297040e-03 5.020799999999999841e+01
6.400000000000000355e+00 1.079079768187296909e-03 5.022500000000000142e+01
5.200000000000000178e+00 1.125013466507821316e-03 5.010699999999999932e+01
4.200000000000000178e+00 1.053930218607821746e-03 5.033899999999999864e+01
4.299999999999999822e+00 1.061038543397821790e-03 5.009300000000000352e+01
2.399999999999999911e+00 1.057213968188347626e-03 5.004100000000000392e+01
1.800000000000000044e+00 1.014564019448347364e-03 5.004399999999999693e+01
2.000000000000000000e+00 1.160014264828872384e-03 5.018600000000000705e+01
9.000000000000000222e-01 1.081822692138872770e-03 5.002300000000000324e+01
5.999999999999999778e-01 1.191731313569397571e-03 5.019399999999999551e+01
1.000000000000000056e-01 1.156189689619397352e-03 5.023600000000000421e+01
-1.100000000000000089e+00 1.202123387939921760e-03 5.031399999999999295e+01
-1.399999999999999911e+00 1.180798413569921629e-03 5.006600000000000250e+01
-1.399999999999999911e+00 1.180798413569921629e-03 5.014600000000000080e+01
-3.299999999999999822e+00 1.176973838360446598e-03 5.006100000000000705e+01
-3.299999999999999822e+00 1.308207434160971530e-03 5.002000000000000313e+01
-5.400000000000000355e+00 1.158932613570971479e-03 5.010699999999999932e+01
-5.299999999999999822e+00 1.297274534161496455e-03 5.013899999999999579e+01
-6.099999999999999645e+00 1.371641531642021038e-03 5.027199999999999847e+01
-6.200000000000000178e+00 1.495766802652545926e-03 5.003499999999999659e+01
-7.000000000000000000e+00 1.307666608532021511e-03 5.018399999999999750e+01
-9.099999999999999645e+00 1.289625383742546393e-03 5.004699999999999704e+01
-9.500000000000000000e+00 1.261192084582546218e-03 5.012500000000000000e+01
-9.000000000000000000e+00 1.427967304333070502e-03 5.004500000000000171e+01
-9.800000000000000711e+00 1.371100706013071019e-03 5.003800000000000381e+01
-1.050000000000000000e+01 1.452576028283595645e-03 5.005100000000000193e+01
-1.169999999999999929e+01 1.629743322404644985e-03 5.007999999999999829e+01
-1.290000000000000036e+01 1.544443424924645328e-03 5.016199999999999903e+01
-1.269999999999999929e+01 1.558660074504645415e-03 5.008399999999999608e+01
-1.390000000000000036e+01 1.604593772825170690e-03 5.014100000000000534e+01
-1.440000000000000036e+01 1.569052148875170472e-03 5.017899999999999494e+01
-1.480000000000000071e+01 1.540618849715170297e-03 5.011999999999999744e+01
-1.619999999999999929e+01 1.572335898455695484e-03 5.020300000000000296e+01
-1.669999999999999929e+01 1.668027870306221065e-03 5.014300000000000068e+01
-1.689999999999999858e+01 1.653811220726220978e-03 5.014000000000000057e+01
-1.780000000000000071e+01 1.721069893416744649e-03 5.026200000000000045e+01
-1.869999999999999929e+01 1.657094970306745123e-03 5.017499999999999716e+01
-1.860000000000000142e+01 1.532969699296220234e-03 5.009600000000000364e+01
-2.019999999999999929e+01 1.550470098456745334e-03 5.016799999999999926e+01
-2.050000000000000000e+01 1.529145124086745203e-03 5.007100000000000506e+01
-2.160000000000000142e+01 1.450953551396745589e-03 5.012899999999999778e+01
-2.189999999999999858e+01 1.429628577026745458e-03 5.013899999999999579e+01
-2.200000000000000000e+01 1.553753848037270346e-03 5.012600000000000477e+01
-2.239999999999999858e+01 1.656554144677795971e-03 5.018699999999999761e+01
-2.339999999999999858e+01 1.716704492578320466e-03 5.013800000000000523e+01
-2.380000000000000071e+01 1.688271193418320291e-03 5.015699999999999648e+01
-2.430000000000000071e+01 1.652729569468319205e-03 5.012600000000000477e+01
-2.639999999999999858e+01 1.634688344678845821e-03 5.006800000000000495e+01
-2.660000000000000142e+01 1.751705290899370666e-03 5.008600000000000563e+01
-2.769999999999999929e+01 1.673513718209369318e-03 5.012300000000000466e+01
-2.750000000000000000e+01 1.818963963589896073e-03 5.006199999999999761e+01
-2.760000000000000142e+01 1.811855638799895162e-03 5.002600000000000335e+01
-2.869999999999999929e+01 1.996131257710945413e-03 5.005199999999999960e+01
-2.939999999999999858e+01 2.077606579981469172e-03 5.011699999999999733e+01
-2.969999999999999929e+01 2.187515201411994840e-03 4.992399999999999949e+01
-3.089999999999999858e+01 2.364682495533044181e-03 4.999199999999999733e+01
-3.110000000000000142e+01 2.350465845953044093e-03 5.014999999999999858e+01
-3.210000000000000142e+01 2.410616193853570323e-03 4.975699999999999790e+01
-3.260000000000000142e+01 2.768775357305144035e-03 5.008800000000000097e+01
-3.289999999999999858e+01 2.747450382935144771e-03 5.012800000000000011e+01
-3.529999999999999716e+01 3.233018566977771853e-03 5.027000000000000313e+01
-3.539999999999999858e+01 3.357143837988294140e-03 5.012699999999999534e+01
-3.479999999999999716e+01 3.399793786728294402e-03 4.999699999999999989e+01
-3.579999999999999716e+01 3.984878517830918628e-03 4.998199999999999932e+01
-3.710000000000000142e+01 4.023703891361443859e-03 5.010399999999999920e+01
-3.720000000000000284e+01 4.147829162371967880e-03 5.019100000000000250e+01
-3.800000000000000000e+01 4.353429755653015661e-03 5.010000000000000142e+01
-3.829999999999999716e+01 4.988272760285642794e-03 5.019500000000000028e+01
-3.920000000000000284e+01 5.580465816178267931e-03 4.916399999999999437e+01
-3.979999999999999716e+01 6.456451038041942196e-03 5.015999999999999659e+01
-4.110000000000000142e+01 7.020210794774570627e-03 4.891600000000000392e+01
-4.120000000000000284e+01 7.931737640588239907e-03 5.004200000000000159e+01
-4.220000000000000284e+01 8.254355180089816002e-03 4.936699999999999733e+01
-4.270000000000000284e+01 9.268682322544016111e-03 5.006399999999999295e+01
-4.350000000000000000e+01 9.867983703226640424e-03 4.905199999999999960e+01
-4.420000000000000284e+01 1.099932779190136364e-02 5.000600000000000023e+01
-4.470000000000000284e+01 1.109501976375188576e-02 4.988800000000000523e+01
-4.500000000000000000e+01 1.199232995998556622e-02 5.006600000000000250e+01
-4.589999999999999858e+01 1.205958863267608816e-02 4.990800000000000125e+01
-4.629999999999999716e+01 1.334349129152133731e-02 5.000000000000000000e+01
-4.760000000000000142e+01 1.338231666505186254e-02 5.013399999999999324e+01
-4.850000000000000000e+01 1.423697691254553754e-02 4.992600000000000193e+01
-4.929999999999999716e+01 1.444257750582658706e-02 5.011100000000000421e+01
-5.020000000000000284e+01 1.490353696591868379e-02 5.023100000000000165e+01
-5.000000000000000000e+01 1.504898721129921055e-02 5.005699999999999505e+01
-5.160000000000000142e+01 1.572265558946236291e-02 5.029800000000000182e+01
-5.129999999999999716e+01 1.587521415963288537e-02 5.004200000000000159e+01
-5.279999999999999716e+01 1.655599086258603692e-02 4.977700000000000102e+01
-5.279999999999999716e+01 1.668722445838656185e-02 5.011100000000000421e+01
-5.350000000000000000e+01 1.689993337645761401e-02 4.972600000000000620e+01
-5.389999999999999858e+01 1.700273367309813530e-02 5.000500000000000256e+01
-5.479999999999999716e+01 1.720122594158918217e-02 4.976399999999999579e+01
-5.489999999999999858e+01 1.732535121259971139e-02 4.999800000000000466e+01
-5.620000000000000284e+01 1.749541018193076156e-02 4.982999999999999829e+01
-5.700000000000000000e+01 1.756977717941128267e-02 5.007600000000000051e+01
-5.789999999999999858e+01 1.763703585210180461e-02 4.989899999999999380e+01
-5.800000000000000000e+01 1.776116112311233383e-02 4.996899999999999409e+01
-5.870000000000000284e+01 1.797387004118338252e-02 4.982600000000000051e+01
-5.950000000000000000e+01 1.791700344286338217e-02 4.990699999999999648e+01
-6.010000000000000142e+01 1.813682068572443004e-02 5.002300000000000324e+01
-6.089999999999999858e+01 1.821118768320495809e-02 4.984700000000000131e+01
-6.150000000000000000e+01 1.829977133026548450e-02 4.994600000000000506e+01
-6.229999999999999716e+01 1.837413832774600561e-02 4.997399999999999665e+01
-6.310000000000000142e+01 1.844850532522653713e-02 4.993399999999999750e+01
-6.350000000000000000e+01 1.842007202606653696e-02 4.988800000000000523e+01
-6.400000000000000000e+01 1.851576399791705907e-02 5.002799999999999869e+01
-6.450000000000000000e+01 1.861145596976758465e-02 5.000800000000000267e+01
-6.520000000000000284e+01 1.856169769623758348e-02 4.983200000000000074e+01
-6.579999999999999716e+01 1.865028134329811335e-02 5.006199999999999761e+01
-6.620000000000000284e+01 1.875308163993863464e-02 5.001399999999999579e+01
-6.659999999999999432e+01 1.872464834077863446e-02 4.993199999999999505e+01
-6.720000000000000284e+01 1.881323198783916087e-02 5.004200000000000159e+01
-6.759999999999999432e+01 1.878479868867916416e-02 5.001399999999999579e+01
-6.829999999999999716e+01 1.886627401094968445e-02 5.000100000000000477e+01
-6.850000000000000000e+01 1.885205736136968263e-02 5.003199999999999648e+01
-6.909999999999999432e+01 1.894064100843020904e-02 5.018800000000000239e+01
-6.959999999999999432e+01 1.890509938448020968e-02 4.998100000000000165e+01
-7.009999999999999432e+01 1.886955776053021033e-02 5.004500000000000171e+01
-6.929999999999999716e+01 1.892642435885020721e-02 5.002799999999999869e+01
-6.909999999999999432e+01 1.907187460423073744e-02 5.019800000000000040e+01
-6.979999999999999716e+01 1.889088273490020786e-02 5.009100000000000108e+01
-6.979999999999999716e+01 1.902211633070073626e-02 5.010000000000000142e+01
-7.020000000000000284e+01 1.899368303154073609e-02 5.015399999999999636e+01
-6.990000000000000568e+01 1.901500800591073709e-02 5.019300000000000495e+01
-6.940000000000000568e+01 1.905054962986073644e-02 5.006199999999999761e+01
-6.929999999999999716e+01 1.905765795465073562e-02 5.017999999999999972e+01
-6.979999999999999716e+01 1.902211633070073626e-02 5.006600000000000250e+01
-6.979999999999999716e+01 1.902211633070073626e-02 5.000000000000000000e+01
-6.920000000000000284e+01 1.893353268364020639e-02 5.011100000000000421e+01
-7.000000000000000000e+01 1.887666608532020951e-02 5.005600000000000449e+01
-6.970000000000000284e+01 1.889799105969021051e-02 5.013600000000000279e+01
-6.920000000000000284e+01 1.906476627944073479e-02 5.028300000000000125e+01
-6.879999999999999716e+01 1.896196598280021003e-02 5.008299999999999841e+01
-6.790000000000000568e+01 1.902594090591020956e-02 5.010399999999999920e+01
-6.690000000000000568e+01 1.896579055800968333e-02 5.008200000000000074e+01
-6.629999999999999716e+01 1.887720691094916040e-02 5.008800000000000097e+01
-6.600000000000000000e+01 1.889853188531916139e-02 4.996500000000000341e+01
-6.550000000000000000e+01 1.880283991346863234e-02 5.006199999999999761e+01
-6.459999999999999432e+01 1.886681483657863534e-02 5.004999999999999716e+01
-6.400000000000000000e+01 1.877823118951811240e-02 5.005600000000000449e+01
-6.320000000000000284e+01 1.883509778783811275e-02 5.022699999999999676e+01
-6.329999999999999716e+01 1.869675586724758518e-02 5.004699999999999704e+01
-6.239999999999999858e+01 1.876073079035758470e-02 5.005600000000000449e+01
-6.129999999999999716e+01 1.870768876724706112e-02 4.998100000000000165e+01
-6.050000000000000000e+01 1.863332176976653654e-02 5.001200000000000045e+01
-6.010000000000000142e+01 1.866175506892653671e-02 5.006300000000000239e+01
-5.920000000000000284e+01 1.859449639623600437e-02 4.998600000000000421e+01
-5.860000000000000142e+01 1.850591274917548490e-02 4.999899999999999523e+01
-5.770000000000000284e+01 1.856988767228548443e-02 5.006800000000000495e+01
-5.710000000000000142e+01 1.848130402522495802e-02 5.001899999999999835e+01
-5.639999999999999858e+01 1.853106229875495919e-02 4.994399999999999551e+01
-5.610000000000000142e+01 1.842115367732443179e-02 4.996699999999999875e+01
-5.529999999999999716e+01 1.847802027564443214e-02 5.009100000000000108e+01
-5.479999999999999716e+01 1.838232830379391003e-02 5.000800000000000267e+01
-5.420000000000000284e+01 1.842497825253390856e-02 5.008399999999999608e+01
-5.360000000000000142e+01 1.833639460547338215e-02 4.987199999999999989e+01
-5.270000000000000284e+01 1.826913593278286022e-02 4.989600000000000080e+01
-5.210000000000000142e+01 1.831178588152285874e-02 4.992699999999999960e+01
-5.139999999999999858e+01 1.823031055925233498e-02 5.004800000000000182e+01
-5.070000000000000284e+01 1.828006883278233616e-02 4.992499999999999716e+01
-5.010000000000000142e+01 1.819148518572180628e-02 5.014500000000000313e+01
-4.939999999999999858e+01 1.811000986345128599e-02 4.999199999999999733e+01
-4.870000000000000284e+01 1.815976813698128370e-02 4.999600000000000222e+01
-4.789999999999999858e+01 1.808540113950075912e-02 5.020199999999999818e+01
-4.725000000000000000e+01 1.800037165483523577e-02 5.000899999999999324e+01
-4.670000000000000284e+01 1.803946744118023471e-02 4.995600000000000307e+01
-4.610000000000000142e+01 1.795088379411971177e-02 5.009300000000000352e+01
-4.529999999999999716e+01 1.800775039243971212e-02 5.004600000000000648e+01
-4.470000000000000284e+01 1.791916674537918225e-02 5.004100000000000392e+01
-4.400000000000000000e+01 1.783769142310865849e-02 4.982899999999999352e+01
-4.329999999999999716e+01 1.788744969663865966e-02 4.998699999999999477e+01
-4.260000000000000142e+01 1.780597437436813590e-02 4.992300000000000182e+01
-4.200000000000000000e+01 1.784862432310813443e-02 5.001100000000000279e+01
-4.150000000000000000e+01 1.775293235125761579e-02 4.998300000000000409e+01
-4.079999999999999716e+01 1.780269062478761349e-02 4.996100000000000563e+01
-4.039999999999999858e+01 1.769989032814708527e-02 5.008200000000000074e+01
-3.970000000000000284e+01 1.761841500587656151e-02 5.002100000000000080e+01
-3.920000000000000284e+01 1.765395662982656086e-02 5.008800000000000097e+01
-3.870000000000000284e+01 1.768949825377656021e-02 4.998699999999999477e+01
-3.810000000000000142e+01 1.760091460671603728e-02 4.993199999999999505e+01
-3.760000000000000142e+01 1.763645623066603663e-02 4.997200000000000131e+01
-3.700000000000000000e+01 1.754787258360551022e-02 5.000800000000000267e+01
-3.650000000000000000e+01 1.758341420755550957e-02 5.002300000000000324e+01
-3.589999999999999858e+01 1.749483056049499011e-02 4.995399999999999352e+01
-3.529999999999999716e+01 1.753748050923498863e-02 4.998499999999999943e+01
-3.479999999999999716e+01 1.744178853738445958e-02 4.997500000000000142e+01
-3.420000000000000284e+01 1.735320489032393665e-02 4.995600000000000307e+01
-3.370000000000000284e+01 1.738874651427393600e-02 4.989699999999999847e+01
-3.300000000000000000e+01 1.730727119200341571e-02 4.998899999999999721e+01
-3.239999999999999858e+01 1.734992114074341424e-02 4.993899999999999295e+01
-3.189999999999999858e+01 1.725422916889288519e-02 4.990899999999999892e+01
-3.130000000000000071e+01 1.729687911763288719e-02 4.995100000000000051e+01
-3.060000000000000142e+01 1.721540379536236343e-02 4.990800000000000125e+01
-2.989999999999999858e+01 1.726516206889236460e-02 4.996800000000000352e+01
-2.919999999999999929e+01 1.718368674662183737e-02 4.998899999999999721e+01
-2.869999999999999929e+01 1.708799477477131179e-02 4.990399999999999636e+01
-2.810000000000000142e+01 1.713064472351131032e-02 4.991899999999999693e+01
-2.730000000000000071e+01 1.705627772603078920e-02 5.004500000000000171e+01
-2.680000000000000071e+01 1.696058575418025668e-02 4.985600000000000165e+01
-2.610000000000000142e+01 1.701034402771025786e-02 5.000999999999999801e+01
-2.550000000000000000e+01 1.692176038064973492e-02 4.999899999999999523e+01
-2.480000000000000071e+01 1.684028505837921116e-02 4.994300000000000495e+01
-2.400000000000000000e+01 1.689715165669921151e-02 4.993800000000000239e+01
-2.339999999999999858e+01 1.680856800963868164e-02 4.990600000000000591e+01
-2.280000000000000071e+01 1.671998436257816217e-02 4.994100000000000250e+01
-2.210000000000000142e+01 1.676974263610815988e-02 4.997600000000000620e+01
-2.150000000000000000e+01 1.668115898904763347e-02 4.989399999999999835e+01
-2.080000000000000071e+01 1.659968366677711318e-02 4.991600000000000392e+01
-2.019999999999999929e+01 1.651110001971658678e-02 5.000399999999999778e+01
-1.939999999999999858e+01 1.643673302223605873e-02 4.996699999999999875e+01
-1.880000000000000071e+01 1.634814937517553579e-02 4.992399999999999949e+01
-1.810000000000000142e+01 1.626667405290501203e-02 4.990200000000000102e+01
-1.750000000000000000e+01 1.604685681004396069e-02 4.998899999999999721e+01
-1.689999999999999858e+01 1.595827316298343776e-02 4.995000000000000284e+01
-1.610000000000000142e+01 1.575267256970238824e-02 4.996399999999999864e+01
-1.540000000000000036e+01 1.553996365163133608e-02 5.014600000000000080e+01
-1.490000000000000036e+01 1.544427167978081397e-02 4.981199999999999761e+01
-1.409999999999999964e+01 1.510743749069923605e-02 4.997399999999999665e+01
-1.340000000000000036e+01 1.476349497682766590e-02 4.985000000000000142e+01
-1.280000000000000071e+01 1.454367773396661456e-02 4.980600000000000449e+01
-1.209999999999999964e+01 1.406850162429451254e-02 5.017699999999999960e+01
-1.150000000000000000e+01 1.371745078563293974e-02 5.005899999999999750e+01
-1.069999999999999929e+01 1.311814940495031542e-02 5.000300000000000011e+01
-1.000000000000000000e+01 1.277420689107873833e-02 4.993500000000000227e+01
-9.500000000000000000e+00 1.175987974862453822e-02 4.974699999999999989e+01
-5.099999999999999645e+00 7.011228716549895365e-03 4.979100000000000392e+01
-4.400000000000000355e+00 5.223716648872545748e-03 5.017499999999999716e+01
-3.799999999999999822e+00 3.954030639607296685e-03 5.012800000000000011e+01
-3.000000000000000000e+00 3.092262067323622507e-03 5.016199999999999903e+01
-2.100000000000000089e+00 2.631302607231522303e-03 5.036199999999999477e+01
-1.500000000000000000e+00 2.411485364370472700e-03 5.016799999999999926e+01
-6.999999999999999556e-01 2.074651175288897385e-03 5.034899999999999665e+01
2.000000000000000111e-01 1.876158906797847914e-03 5.022500000000000142e+01
8.000000000000000444e-01 1.787575259737323244e-03 5.003600000000000136e+01
1.500000000000000000e+00 1.706099937466797750e-03 5.010699999999999932e+01
2.200000000000000178e+00 1.624624615196273124e-03 5.004299999999999926e+01
2.899999999999999911e+00 1.674382888726273430e-03 5.021800000000000352e+01
3.500000000000000000e+00 1.585799241665747893e-03 5.027600000000000335e+01
4.200000000000000178e+00 1.504323919395223266e-03 5.019600000000000506e+01
4.900000000000000355e+00 1.554082192925223573e-03 5.009499999999999886e+01
5.400000000000000355e+00 1.458390221074697991e-03 5.008200000000000074e+01
6.000000000000000000e+00 1.501040169814698254e-03 5.008600000000000563e+01
6.799999999999999822e+00 1.426673172334173671e-03 5.006300000000000239e+01
7.500000000000000000e+00 1.345197850063648178e-03 4.992399999999999949e+01
8.199999999999999289e+00 1.394956123593648484e-03 5.001699999999999591e+01
8.800000000000000711e+00 1.306372476533123814e-03 5.013899999999999579e+01
9.400000000000000355e+00 1.349022425273123209e-03 5.000500000000000256e+01
1.019999999999999929e+01 1.274655427792598626e-03 5.001200000000000045e+01
1.069999999999999929e+01 1.178963455942073479e-03 4.990899999999999892e+01
1.150000000000000000e+01 1.235830054262073395e-03 4.990500000000000114e+01
1.209999999999999964e+01 1.147246407201548725e-03 4.989399999999999835e+01
1.280000000000000071e+01 1.197004680731548597e-03 4.986399999999999721e+01
1.350000000000000000e+01 1.115529358461023537e-03 4.982500000000000284e+01
1.419999999999999929e+01 1.034054036190498911e-03 4.995799999999999841e+01
1.490000000000000036e+01 1.083812309720498784e-03 4.986600000000000676e+01
1.540000000000000036e+01 1.119353933670498569e-03 4.990999999999999659e+01
1.600000000000000000e+01 1.030770286609973899e-03 4.985800000000000409e+01
1.680000000000000071e+01 1.087636884929974249e-03 4.991799999999999926e+01
1.750000000000000000e+01 1.006161562659448755e-03 4.988700000000000045e+01
1.819999999999999929e+01 1.055919836189449061e-03 4.986899999999999977e+01
1.889999999999999858e+01 9.744445139189240011e-04 4.989999999999999858e+01
1.939999999999999858e+01 1.009986137868923786e-03 4.988199999999999790e+01
