3.060845199999564770e+01	3.061467098482253402e+00	3.000000000000000000e+02
3.129533598196722721e+01	3.061673943725065072e+00	3.000000000000000000e+02
3.226361614353572094e+01	3.061871210113064290e+00	3.000000000000000000e+02
3.359204713420349719e+01	3.061937697200034503e+00	3.000000000000000000e+02
3.525713338383905437e+01	3.061930657177294179e+00	3.000000000000000000e+02
3.705427077797467916e+01	3.062163799495314809e+00	3.000000000000000000e+02
3.889853049798724527e+01	3.062481679605918217e+00	3.000000000000000000e+02
4.076421474900365638e+01	3.062721683598903066e+00	3.000000000000000000e+02
4.264580061592927507e+01	3.062834576475462534e+00	3.000000000000000000e+02
4.439910937047757500e+01	3.063011297179607073e+00	3.000000000000000000e+02
4.598933928210523447e+01	3.063358038475131995e+00	3.000000000000000000e+02
4.751525684122764659e+01	3.063821244730095650e+00	3.000000000000000000e+02
4.913439758583972150e+01	3.064332306293155117e+00	3.000000000000000000e+02
5.071047276095493572e+01	3.064606601808775199e+00	3.000000000000000000e+02
5.234790697657462033e+01	3.064536723236452431e+00	3.000000000000000000e+02
5.401395299898197777e+01	3.064405243301634663e+00	3.000000000000000000e+02
5.562982725736734579e+01	3.064535530436902633e+00	3.000000000000000000e+02
5.724130959644940475e+01	3.064894624762890096e+00	3.000000000000000000e+02
5.886416221445055896e+01	3.065216975705615798e+00	3.000000000000000000e+02
6.053197917622289026e+01	3.065461298719537986e+00	3.000000000000000000e+02
6.223755161695343929e+01	3.065584529083482224e+00	3.000000000000000000e+02
6.388993897507508279e+01	3.065712178214694106e+00	3.000000000000000000e+02
6.552687475055485322e+01	3.065876437763691786e+00	3.000000000000000000e+02
6.708515108202171007e+01	3.066052667119137265e+00	3.000000000000000000e+02
6.866238463646726586e+01	3.066224937464194333e+00	3.000000000000000000e+02
7.027516065769668785e+01	3.066282110087940715e+00	3.000000000000000000e+02
7.184552339874828419e+01	3.066319003354098349e+00	3.000000000000000000e+02
7.345729193895525100e+01	3.066419075767209623e+00	3.000000000000000000e+02
7.505844465005709765e+01	3.066545269905672999e+00	3.000000000000000000e+02
7.663010677391535808e+01	3.066651447051409907e+00	3.000000000000000000e+02
7.828295998564891534e+01	3.066719512761904465e+00	3.000000000000000000e+02
7.994246770216135189e+01	3.066717445408380094e+00	3.000000000000000000e+02
8.158356506983176359e+01	3.066730221658301669e+00	3.000000000000000000e+02
8.316938200336373654e+01	3.066688815953607428e+00	3.000000000000000000e+02
8.471981338288526331e+01	3.066806481833380005e+00	3.000000000000000000e+02
8.626155110366411805e+01	3.066853595272294175e+00	3.000000000000000000e+02
8.784129545709245690e+01	3.066891221422154423e+00	3.000000000000000000e+02
8.948063465339387790e+01	3.066950910161385213e+00	3.000000000000000000e+02
9.117887346433205664e+01	3.066935153696585648e+00	3.000000000000000000e+02
9.287660589260319455e+01	3.066970800151240795e+00	3.000000000000000000e+02
9.456084377391398732e+01	3.067087743133705136e+00	3.000000000000000000e+02
9.613640180595145068e+01	3.067201223589851367e+00	3.000000000000000000e+02
9.769627173047223323e+01	3.067200033804697856e+00	3.000000000000000000e+02
9.929520160530903183e+01	3.067011885186992082e+00	3.000000000000000000e+02
1.009336774583729124e+02	3.066870389835969934e+00	3.000000000000000000e+02
1.025887747724559773e+02	3.066634509640688844e+00	3.000000000000000000e+02
1.043053048744697406e+02	3.066513745874033692e+00	3.000000000000000000e+02
1.058947881949045922e+02	3.066381791026022263e+00	3.000000000000000000e+02
1.075219286306197262e+02	3.066159747421408177e+00	3.000000000000000000e+02
1.091997752369810541e+02	3.065958473961379216e+00	3.000000000000000000e+02
1.109620448368627734e+02	3.065685170769728352e+00	3.000000000000000000e+02
1.126464028214291346e+02	3.065388095336735397e+00	3.000000000000000000e+02
1.142087295015193291e+02	3.065095264269650510e+00	3.000000000000000000e+02
1.157635862373642937e+02	3.064701728230634359e+00	3.000000000000000000e+02
1.172533657329333323e+02	3.064316244866405636e+00	3.000000000000000000e+02
1.188289847395540590e+02	3.063916532492285238e+00	3.000000000000000000e+02
1.205717713054630451e+02	3.063589185239511625e+00	3.000000000000000000e+02
1.222701257482252402e+02	3.063302426567866554e+00	3.000000000000000000e+02
1.238964395807119274e+02	3.063008182846471250e+00	3.000000000000000000e+02
1.254605722476700436e+02	3.062745861457418783e+00	3.000000000000000000e+02
1.270422191244517762e+02	3.062364376282562972e+00	3.000000000000000000e+02
1.286216394543863544e+02	3.061838109279801046e+00	3.000000000000000000e+02
1.302327529999704439e+02	3.061309494511115226e+00	3.000000000000000000e+02
1.319065146076028725e+02	3.060764111328758919e+00	3.000000000000000000e+02
1.335104752565978856e+02	3.060187097883214413e+00	3.000000000000000000e+02
1.350636853547667329e+02	3.059588663688450616e+00	3.000000000000000000e+02
1.366082772298609598e+02	3.058913570674212767e+00	3.000000000000000000e+02
1.381892491367381695e+02	3.058117088398493610e+00	3.000000000000000000e+02
1.398571724251664250e+02	3.057266708148857592e+00	3.000000000000000000e+02
1.415346003167177287e+02	3.056311599121157574e+00	3.000000000000000000e+02
1.432115400096864732e+02	3.055313173590132436e+00	3.000000000000000000e+02
1.448259188938992850e+02	3.054352971591422161e+00	3.000000000000000000e+02
1.464206526614107702e+02	3.053495206414718055e+00	3.000000000000000000e+02
1.480198346756279193e+02	3.052754617047201524e+00	3.000000000000000000e+02
1.496528899530177625e+02	3.051838135801731244e+00	3.000000000000000000e+02
1.512872841289479879e+02	3.050707101121430842e+00	3.000000000000000000e+02
1.529547716364868677e+02	3.049337446457335066e+00	3.000000000000000000e+02
1.546108201742572987e+02	3.047903588099607486e+00	3.000000000000000000e+02
1.563048022448003280e+02	3.046650566861178966e+00	3.000000000000000000e+02
1.579582771664936161e+02	3.045141848105967775e+00	3.000000000000000000e+02
1.595756178226265547e+02	3.043565058889145192e+00	3.000000000000000000e+02
1.611726048006156020e+02	3.042008363118807512e+00	3.000000000000000000e+02
1.627317372102023683e+02	3.040520051415091629e+00	3.000000000000000000e+02
1.642760635880510165e+02	3.038881027067906526e+00	3.000000000000000000e+02
1.658500569207477895e+02	3.037064202582388184e+00	3.000000000000000000e+02
1.674468760267221512e+02	3.035204668577121900e+00	3.000000000000000000e+02
1.690602335947600920e+02	3.033206598087051287e+00	3.000000000000000000e+02
1.706804088906220045e+02	3.030888287538445969e+00	3.000000000000000000e+02
1.723738700206365024e+02	3.028592643934200357e+00	3.000000000000000000e+02
1.740329145871476726e+02	3.026317579820864356e+00	3.000000000000000000e+02
1.756568255106306538e+02	3.023938572420394433e+00	3.000000000000000000e+02
1.772611103754110502e+02	3.021322546309432866e+00	3.000000000000000000e+02
1.788022751634715064e+02	3.018828026456238156e+00	3.000000000000000000e+02
1.803567798140176421e+02	3.016235070494825532e+00	3.000000000000000000e+02
1.819448148974718436e+02	3.013167553701339596e+00	3.000000000000000000e+02
1.835753524757012372e+02	3.009943195252351877e+00	3.000000000000000000e+02
1.852376072881457958e+02	3.006378029435595067e+00	3.000000000000000000e+02
1.869009551501956992e+02	3.002555307464051637e+00	3.000000000000000000e+02
1.885693514215346056e+02	2.998331445756453384e+00	3.000000000000000000e+02
1.902093706868462277e+02	2.994018142355856504e+00	3.000000000000000000e+02
1.918106533407841710e+02	2.989659606649464063e+00	3.000000000000000000e+02
1.934166767698232832e+02	2.984827882245058017e+00	3.000000000000000000e+02
1.950006685067709782e+02	2.979598489432880637e+00	3.000000000000000000e+02
1.966003917499762679e+02	2.973785669971091394e+00	3.000000000000000000e+02
1.982550788449226218e+02	2.967003777813474130e+00	3.000000000000000000e+02
1.999156587907791618e+02	2.959714250745766773e+00	3.000000000000000000e+02
2.015577524062649957e+02	2.952335859946105590e+00	3.000000000000000000e+02
2.031739544685236467e+02	2.945433202804122352e+00	3.000000000000000000e+02
2.047539005650907313e+02	2.938838415618951316e+00	3.000000000000000000e+02
2.063236213893103468e+02	2.931905823847571035e+00	3.000000000000000000e+02
2.078890801196381801e+02	2.923487100791324789e+00	3.000000000000000000e+02
2.094332868470386586e+02	2.912167768178170579e+00	3.000000000000000000e+02
2.110269815012193817e+02	2.897218317745872351e+00	3.000000000000000000e+02
2.126198055152705706e+02	2.878089769172765156e+00	3.000000000000000000e+02
2.142471360531190783e+02	2.852981578708086108e+00	3.000000000000000000e+02
2.158616973141433846e+02	2.817831007011711630e+00	3.000000000000000000e+02
2.175409838522350583e+02	2.768690453602594914e+00	3.000000000000000000e+02
2.192703268024482952e+02	2.698413763691235534e+00	3.000000000000000000e+02
2.209666201881853169e+02	2.600022313709617450e+00	3.000000000000000000e+02
2.226600732349799046e+02	2.468758544092387819e+00	3.000000000000000000e+02
2.244242260226128280e+02	2.304564459668923426e+00	3.000000000000000000e+02
2.260681089972205768e+02	2.095684252658891022e+00	3.000000000000000000e+02
2.276001090619274123e+02	1.820695542647370324e+00	3.000000000000000000e+02
2.292216147132831452e+02	1.497236339414655060e+00	3.000000000000000000e+02
2.310559752651053600e+02	1.175147935144398970e+00	3.000000000000000000e+02
2.330358902735574986e+02	9.108562404346388641e-01	3.000000000000000000e+02
2.350536886868193278e+02	7.415889840378205866e-01	3.000000000000000000e+02
2.369044553911841149e+02	6.598200878285491733e-01	3.000000000000000000e+02
2.384187594500202181e+02	6.307483544884174842e-01	3.000000000000000000e+02
2.395901952839799947e+02	6.068123560469680378e-01	3.000000000000000000e+02
2.406848030244683514e+02	5.721154906297790665e-01	3.000000000000000000e+02
2.419085401566175904e+02	5.407927144218277471e-01	3.000000000000000000e+02
2.432923212359770844e+02	5.141572251563625295e-01	3.000000000000000000e+02
2.447460257799255885e+02	4.932538218157124232e-01	3.000000000000000000e+02
2.462614108560331090e+02	4.763607651969973267e-01	3.000000000000000000e+02
2.478861086165733241e+02	4.627237648823201988e-01	3.000000000000000000e+02
2.495566896580219804e+02	4.547257317587150571e-01	3.000000000000000000e+02
2.512421102354362006e+02	4.473806712340881453e-01	3.000000000000000000e+02
2.529780516903245768e+02	4.425378845630764113e-01	3.000000000000000000e+02
2.547125169963291853e+02	4.393587872142790118e-01	3.000000000000000000e+02
2.564296843954957694e+02	4.370069463538424626e-01	3.000000000000000000e+02
2.580957723384901783e+02	4.361288974941104346e-01	3.000000000000000000e+02
2.598300466597800096e+02	4.362337941519053852e-01	3.000000000000000000e+02
2.614967623296460033e+02	4.368548558358445466e-01	3.000000000000000000e+02
2.631071249361335731e+02	4.378041223507216917e-01	3.000000000000000000e+02
2.647122542519712169e+02	4.388521789129582462e-01	3.000000000000000000e+02
2.663480013675221016e+02	4.399434057011790133e-01	3.000000000000000000e+02
2.680261100363020432e+02	4.411041640225673022e-01	3.000000000000000000e+02
2.697269434054362591e+02	4.423444061850148046e-01	3.000000000000000000e+02
2.714077881927208864e+02	4.434542439977864348e-01	3.000000000000000000e+02
2.730789304718135782e+02	4.442902049994541525e-01	3.000000000000000000e+02
2.746529531901748555e+02	4.452247708872590914e-01	3.000000000000000000e+02
2.761968424371831361e+02	4.465307648142249342e-01	3.000000000000000000e+02
2.777326458115459786e+02	4.482869122111490801e-01	3.000000000000000000e+02
2.792764579743237050e+02	4.500421215353965776e-01	3.000000000000000000e+02
2.808979798837705175e+02	4.514602523038112047e-01	3.000000000000000000e+02
2.825220065031462013e+02	4.525563595529812910e-01	3.000000000000000000e+02
2.841297763681862421e+02	4.533112702945532035e-01	3.000000000000000000e+02
2.857397020483576853e+02	4.542891864101726296e-01	3.000000000000000000e+02
2.873227977736157754e+02	4.556841711416935725e-01	3.000000000000000000e+02
2.889301693229619445e+02	4.572275437211762994e-01	3.000000000000000000e+02
2.906129567490582986e+02	4.586454432734262676e-01	3.000000000000000000e+02
2.923311285305313731e+02	4.598356674537162347e-01	3.000000000000000000e+02
2.940297811109989539e+02	4.610783771574444856e-01	3.000000000000000000e+02
2.956633428430673121e+02	4.626936683004526096e-01	3.000000000000000000e+02
2.972879994082600206e+02	4.644103616780823618e-01	3.000000000000000000e+02
2.988577028853126194e+02	4.660061999828326029e-01	3.000000000000000000e+02
3.004036601018702299e+02	4.672225693743317643e-01	3.000000000000000000e+02
3.019919948001308398e+02	4.683224063214431188e-01	3.000000000000000000e+02
3.035948965601479017e+02	4.697196463521027265e-01	3.000000000000000000e+02
3.052158444400931785e+02	4.715707943674333769e-01	3.000000000000000000e+02
3.068962270479042900e+02	4.736470279827639240e-01	3.000000000000000000e+02
3.085704084503644253e+02	4.755468749087717328e-01	3.000000000000000000e+02
3.101998689666223186e+02	4.769607932250594651e-01	3.000000000000000000e+02
3.117966394649012045e+02	4.781714911690284620e-01	3.000000000000000000e+02
3.133614941338976791e+02	4.795246932121259298e-01	3.000000000000000000e+02
3.149287950673847831e+02	4.811143282256474252e-01	3.000000000000000000e+02
3.165025850998932810e+02	4.827310018210312359e-01	3.000000000000000000e+02
3.181006510447755318e+02	4.842507075068760991e-01	3.000000000000000000e+02
3.197362299498614675e+02	4.855377705479150818e-01	3.000000000000000000e+02
3.213616837706569527e+02	4.868319551578779159e-01	3.000000000000000000e+02
3.229993028015970253e+02	4.882458437252381045e-01	3.000000000000000000e+02
3.246433516511287962e+02	4.898012247711182598e-01	3.000000000000000000e+02
3.262338745323077092e+02	4.914994951005460799e-01	3.000000000000000000e+02
3.278669966863390073e+02	4.931151137219097480e-01	3.000000000000000000e+02
3.295150136213842984e+02	4.944663879654817573e-01	3.000000000000000000e+02
3.312226212436114565e+02	4.959386215689144395e-01	3.000000000000000000e+02
3.329088276102735904e+02	4.974321042490578160e-01	3.000000000000000000e+02
3.345889765530500881e+02	4.988919589480512728e-01	3.000000000000000000e+02
3.362591624377087101e+02	5.004593134629931050e-01	3.000000000000000000e+02
3.378720616841703190e+02	5.021962300292645009e-01	3.000000000000000000e+02
3.394202938325087757e+02	5.038098128513635032e-01	3.000000000000000000e+02
3.409507576803017628e+02	5.052975189095297859e-01	3.000000000000000000e+02
3.424645310804798441e+02	5.066435486946246902e-01	3.000000000000000000e+02
3.440726780874279598e+02	5.080168348946690893e-01	3.000000000000000000e+02
3.457502904569447537e+02	5.094171354376053618e-01	3.000000000000000000e+02
3.473338394712005766e+02	5.109572859495277175e-01	3.000000000000000000e+02
3.485809482672784156e+02	5.124507102316540053e-01	3.000000000000000000e+02
3.493687273718294932e+02	5.133577713179585666e-01	3.000000000000000000e+02
3.498316999999967720e+02	5.138082003945179110e-01	3.000000000000000000e+02
3.498316999999954078e+02	5.137240124959279175e-01	3.000000000000000000e+02
3.438522107640587251e+02	5.068744878483435468e-01	3.000000000000000000e+02
3.356053895729884857e+02	4.997351563141885777e-01	3.000000000000000000e+02
3.276813020503953453e+02	4.928095178148393929e-01	3.000000000000000000e+02
3.203014499748505273e+02	4.848968233086946023e-01	3.000000000000000000e+02
3.130015698361209502e+02	4.787393148027743184e-01	3.000000000000000000e+02
3.053849431980120812e+02	4.708596758510028568e-01	3.000000000000000000e+02
2.981361591592778382e+02	4.635436667052397763e-01	3.000000000000000000e+02
2.903771723940386096e+02	4.572275849804787184e-01	3.000000000000000000e+02
2.827507026193509319e+02	4.500556361669902916e-01	3.000000000000000000e+02
2.753031783974489031e+02	4.436466750116586644e-01	3.000000000000000000e+02
2.676630370878190206e+02	4.377655378348580539e-01	3.000000000000000000e+02
2.602721560759867998e+02	4.311832758725764880e-01	3.000000000000000000e+02
2.529090135075613546e+02	4.244429264935924428e-01	3.000000000000000000e+02
2.453596552706157752e+02	4.190356185962440527e-01	3.000000000000000000e+02
2.382416783525389974e+02	4.130084000484591789e-01	3.000000000000000000e+02
2.312435794849120896e+02	4.079520648871531874e-01	3.000000000000000000e+02
2.245417375689432049e+02	4.061213932068659660e-01	3.000000000000000000e+02
2.185654876220980327e+02	4.159667091571287445e-01	3.000000000000000000e+02
2.132688890451011900e+02	4.637174177871463687e-01	3.000000000000000000e+02
2.083428092447935853e+02	6.692487677143124092e-01	3.000000000000000000e+02
2.048981118526866112e+02	9.712678556507203798e-01	3.000000000000000000e+02
2.013342285793023905e+02	1.411130874910275113e+00	3.000000000000000000e+02
1.978203209035096677e+02	1.862460441190919802e+00	3.000000000000000000e+02
1.940844588231271075e+02	2.217621003023504844e+00	3.000000000000000000e+02
1.901091502165724876e+02	2.490398263226099029e+00	3.000000000000000000e+02
1.858080189326520042e+02	2.666548255538816470e+00	3.000000000000000000e+02
1.817732947595598034e+02	2.782255530103902252e+00	3.000000000000000000e+02
1.778615585458037458e+02	2.860808181767456659e+00	3.000000000000000000e+02
1.741904294749191138e+02	2.908693486337153189e+00	3.000000000000000000e+02
1.709676037383572975e+02	2.941068268994269541e+00	3.000000000000000000e+02
1.680947576301377921e+02	2.966228663489808515e+00	3.000000000000000000e+02
1.658380792075189163e+02	2.978235786945470753e+00	3.000000000000000000e+02
1.628723155849877742e+02	2.986262188767298209e+00	3.000000000000000000e+02
1.598375390763286532e+02	2.997703236514051461e+00	3.000000000000000000e+02
1.571405936807358046e+02	3.009099435293562053e+00	3.000000000000000000e+02
1.542616819446403156e+02	3.018829378377408279e+00	3.000000000000000000e+02
1.513556731527913826e+02	3.026693305330129036e+00	3.000000000000000000e+02
1.485009960828654130e+02	3.032952059331534667e+00	3.000000000000000000e+02
1.457728918599338499e+02	3.038575725576136755e+00	3.000000000000000000e+02
1.434287727070526728e+02	3.042465271790299575e+00	3.000000000000000000e+02
1.412259994101359553e+02	3.046510865253360567e+00	3.000000000000000000e+02
1.390879073660245240e+02	3.048673303379911381e+00	3.000000000000000000e+02
1.362606629246944863e+02	3.051856142791709470e+00	3.000000000000000000e+02
1.335814410255762823e+02	3.055245562941106829e+00	3.000000000000000000e+02
1.308580315610456921e+02	3.058106986122303805e+00	3.000000000000000000e+02
1.286268952083207182e+02	3.060122773475943969e+00	3.000000000000000000e+02
1.264017784290024906e+02	3.061731976799692223e+00	3.000000000000000000e+02
1.242332080178105400e+02	3.063506452278926595e+00	3.000000000000000000e+02
1.216855124930644223e+02	3.065108060967945747e+00	3.000000000000000000e+02
1.196685738461403474e+02	3.066493075673555335e+00	3.000000000000000000e+02
1.174654787672826615e+02	3.068021572783328210e+00	3.000000000000000000e+02
1.155705684424314796e+02	3.069437725559498897e+00	3.000000000000000000e+02
1.139291733056005995e+02	3.070190041743928511e+00	3.000000000000000000e+02
1.121752438421131188e+02	3.070908701140504515e+00	3.000000000000000000e+02
1.098824068940975138e+02	3.072496825559932976e+00	3.000000000000000000e+02
1.080860420914309969e+02	3.073926679900098158e+00	3.000000000000000000e+02
1.061843617329514160e+02	3.074349346979180275e+00	3.000000000000000000e+02
1.049565302822901032e+02	3.074695371846221104e+00	3.000000000000000000e+02
1.035152657630401052e+02	3.075503898492533583e+00	3.000000000000000000e+02
1.013622204713563661e+02	3.076173489540327655e+00	3.000000000000000000e+02
9.965618812136320059e+01	3.076696083362697287e+00	3.000000000000000000e+02
9.870019165681111417e+01	3.076564223615846139e+00	3.000000000000000000e+02
9.748536174313750280e+01	3.077060163658309477e+00	3.000000000000000000e+02
9.629890234355262635e+01	3.077254510776144869e+00	3.000000000000000000e+02
9.490341286985295710e+01	3.078080951926876807e+00	3.000000000000000000e+02
9.375882860549059217e+01	3.078410966226463152e+00	3.000000000000000000e+02
9.211588629002352491e+01	3.078841300169810058e+00	3.000000000000000000e+02
9.091459679592182397e+01	3.078635646131963277e+00	3.000000000000000000e+02
8.982015839462881956e+01	3.079391571653637971e+00	3.000000000000000000e+02
8.835756264911213975e+01	3.078953370656338784e+00	3.000000000000000000e+02
8.700823993532418399e+01	3.079682878653893230e+00	3.000000000000000000e+02
8.601521230852129918e+01	3.079550276901569017e+00	3.000000000000000000e+02
8.514536524609137302e+01	3.079701096862821341e+00	3.000000000000000000e+02
8.400223461468360142e+01	3.080250918479441324e+00	3.000000000000000000e+02
8.288277738975051534e+01	3.079795374293076371e+00	3.000000000000000000e+02
8.183420805343334337e+01	3.080733702345090474e+00	3.000000000000000000e+02
8.087357400155499931e+01	3.080201333963909605e+00	3.000000000000000000e+02
7.977536146371583925e+01	3.080640309654726572e+00	3.000000000000000000e+02
7.879200758590945952e+01	3.080692102672750288e+00	3.000000000000000000e+02
7.781006200571711418e+01	3.081244181360825340e+00	3.000000000000000000e+02
7.703656765645939686e+01	3.081317650117376683e+00	3.000000000000000000e+02
7.604897270534922882e+01	3.081101727950277702e+00	3.000000000000000000e+02
7.513041988007330474e+01	3.081049046087481091e+00	3.000000000000000000e+02
7.414650867854012972e+01	3.081283614232896984e+00	3.000000000000000000e+02
7.319757947610187898e+01	3.080863612308645916e+00	3.000000000000000000e+02
7.246293520839299163e+01	3.081285211609711361e+00	3.000000000000000000e+02
7.183088511486265304e+01	3.081583024404597637e+00	3.000000000000000000e+02
7.093245808715950318e+01	3.081091423104041382e+00	3.000000000000000000e+02
7.025105704502419712e+01	3.081346080198748894e+00	3.000000000000000000e+02
6.922499731062883654e+01	3.081782595241656875e+00	3.000000000000000000e+02
6.846504561679616074e+01	3.081278011651885862e+00	3.000000000000000000e+02
6.777137291831138555e+01	3.081734187413121440e+00	3.000000000000000000e+02
6.704972553191167606e+01	3.081667797201976366e+00	3.000000000000000000e+02
6.634205084733835633e+01	3.081356072471348906e+00	3.000000000000000000e+02
6.555033884755589213e+01	3.081945188002725100e+00	3.000000000000000000e+02
6.471387220802613172e+01	3.081199510299589051e+00	3.000000000000000000e+02
6.394612531438989578e+01	3.081913377674581067e+00	3.000000000000000000e+02
6.328181787463718422e+01	3.081465186343855578e+00	3.000000000000000000e+02
6.271246985720854639e+01	3.081496027035298457e+00	3.000000000000000000e+02
6.224049213130432179e+01	3.081881321921771999e+00	3.000000000000000000e+02
6.144821961170443103e+01	3.081408172117271693e+00	3.000000000000000000e+02
6.094672412133107287e+01	3.081362442096152954e+00	3.000000000000000000e+02
6.006779491706735286e+01	3.081893286051196945e+00	3.000000000000000000e+02
5.940056787766530277e+01	3.081927652045292287e+00	3.000000000000000000e+02
5.878473661292747465e+01	3.081921883338755386e+00	3.000000000000000000e+02
5.834547316859190147e+01	3.081920187619507701e+00	3.000000000000000000e+02
5.771157049363200287e+01	3.081665801216745049e+00	3.000000000000000000e+02
5.717778325248108473e+01	3.081716851019808523e+00	3.000000000000000000e+02
5.655906916927813199e+01	3.081528183454996128e+00	3.000000000000000000e+02
5.595606297976662091e+01	3.081459269888406016e+00	3.000000000000000000e+02
5.532436286016253035e+01	3.081382117316366465e+00	3.000000000000000000e+02
5.480737767883540101e+01	3.081435260670505105e+00	3.000000000000000000e+02
5.423788741728278495e+01	3.081929850137125282e+00	3.000000000000000000e+02
5.374909045069897928e+01	3.081603809751130907e+00	3.000000000000000000e+02
5.337193860412153157e+01	3.081341288899411612e+00	3.000000000000000000e+02
5.288501433571943977e+01	3.081567292405993808e+00	3.000000000000000000e+02
5.232346828493190571e+01	3.081538318169381174e+00	3.000000000000000000e+02
5.202678035066965379e+01	3.081917920252697396e+00	3.000000000000000000e+02
5.143445996568564027e+01	3.081845477986477899e+00	3.000000000000000000e+02
5.084196358988771181e+01	3.081591837392033462e+00	3.000000000000000000e+02
5.043227948350515533e+01	3.081775157601713389e+00	3.000000000000000000e+02
5.002221619743578884e+01	3.081211179605669148e+00	3.000000000000000000e+02
4.946930303355295422e+01	3.081106680420281130e+00	3.000000000000000000e+02
4.901508954463371026e+01	3.081082681503549914e+00	3.000000000000000000e+02
4.875275140456270861e+01	3.081581314518675452e+00	3.000000000000000000e+02
4.835384277656259400e+01	3.081604260807184748e+00	3.000000000000000000e+02
4.800367262907338528e+01	3.081203998955917012e+00	3.000000000000000000e+02
4.770535306340404702e+01	3.081033077976674139e+00	3.000000000000000000e+02
4.721028940795680029e+01	3.080982248328943296e+00	3.000000000000000000e+02
4.673773157418094826e+01	3.081350703529502688e+00	3.000000000000000000e+02
4.644232877631297640e+01	3.081188783448626456e+00	3.000000000000000000e+02
4.609598547970434623e+01	3.081613021019113940e+00	3.000000000000000000e+02
4.573891187351608778e+01	3.081530887539409846e+00	3.000000000000000000e+02
4.549498751099470439e+01	3.081012840778794448e+00	3.000000000000000000e+02
4.502031734949266450e+01	3.081703723281755902e+00	3.000000000000000000e+02
4.480424856962343227e+01	3.081171830700403014e+00	3.000000000000000000e+02
4.433729670875245432e+01	3.080994393588979641e+00	3.000000000000000000e+02
4.407534338909582061e+01	3.081167188162233561e+00	3.000000000000000000e+02
4.354213611832837927e+01	3.081420138757283045e+00	3.000000000000000000e+02
4.324811377196370898e+01	3.081606310776919155e+00	3.000000000000000000e+02
4.289473555967894214e+01	3.081535671779751517e+00	3.000000000000000000e+02
4.259939624182707263e+01	3.081366438789510553e+00	3.000000000000000000e+02
4.230559784199698470e+01	3.081288549578961256e+00	3.000000000000000000e+02
4.207039333872332776e+01	3.081218558092233106e+00	3.000000000000000000e+02
4.179800507070989823e+01	3.081205252234077374e+00	3.000000000000000000e+02
4.147174525676916090e+01	3.081422422475442513e+00	3.000000000000000000e+02
4.115312407955133267e+01	3.081257600459039292e+00	3.000000000000000000e+02
4.095139052318152295e+01	3.081283872087200226e+00	3.000000000000000000e+02
4.069239886706223785e+01	3.081112087645355491e+00	3.000000000000000000e+02
4.035693756927794595e+01	3.080649139056087282e+00	3.000000000000000000e+02
4.000746658139635059e+01	3.081363330808195578e+00	3.000000000000000000e+02
3.961306465011769262e+01	3.080504600835640261e+00	3.000000000000000000e+02
3.917185832653367328e+01	3.081005692262629658e+00	3.000000000000000000e+02
3.860304058554120843e+01	3.080861886884164402e+00	3.000000000000000000e+02
3.837503264448758955e+01	3.080715800068340560e+00	3.000000000000000000e+02
3.820613194227922094e+01	3.081146892641549950e+00	3.000000000000000000e+02
3.795073360654681949e+01	3.081195054020562374e+00	3.000000000000000000e+02
3.771681246922140929e+01	3.080762712914359547e+00	3.000000000000000000e+02
3.746153679871288489e+01	3.080308856017437424e+00	3.000000000000000000e+02
3.716831090520570058e+01	3.080414003538633150e+00	3.000000000000000000e+02
3.698460077221715636e+01	3.080582157365040263e+00	3.000000000000000000e+02
3.679086742169101143e+01	3.080871492082143170e+00	3.000000000000000000e+02
3.670326892780641970e+01	3.080654538059306002e+00	3.000000000000000000e+02
3.638739644904026704e+01	3.080296306664901618e+00	3.000000000000000000e+02
3.623179900342123716e+01	3.080981418632256386e+00	3.000000000000000000e+02
3.597617752691193260e+01	3.080474188956126014e+00	3.000000000000000000e+02
3.571656908125719809e+01	3.081127765477320590e+00	3.000000000000000000e+02
3.557331764915485905e+01	3.080615981614934107e+00	3.000000000000000000e+02
3.532753719399408965e+01	3.080494948622555018e+00	3.000000000000000000e+02
3.512195080754883492e+01	3.080261402017050454e+00	3.000000000000000000e+02
3.496835858831443744e+01	3.080392355866235832e+00	3.000000000000000000e+02
3.477646918039414459e+01	3.080261266785316199e+00	3.000000000000000000e+02
3.462192385800126715e+01	3.080798969180109648e+00	3.000000000000000000e+02
3.447296716315303655e+01	3.080451418215496506e+00	3.000000000000000000e+02
3.432529254205968527e+01	3.079956498943398735e+00	3.000000000000000000e+02
3.413578110086336892e+01	3.080068871639260575e+00	3.000000000000000000e+02
3.395394015786836661e+01	3.080273457302850293e+00	3.000000000000000000e+02
3.384272351849071470e+01	3.080469880676576899e+00	3.000000000000000000e+02
3.357637485241455977e+01	3.080658621969855293e+00	3.000000000000000000e+02
3.345348596831632904e+01	3.080154222535559594e+00	3.000000000000000000e+02
3.324172619079838853e+01	3.080705487217248795e+00	3.000000000000000000e+02
3.294674659856586629e+01	3.080154655059326618e+00	3.000000000000000000e+02
3.282182502034154226e+01	3.080636183200757827e+00	3.000000000000000000e+02
3.262622793232706186e+01	3.080472845985868346e+00	3.000000000000000000e+02
3.242090466989088071e+01	3.080371488953729919e+00	3.000000000000000000e+02
3.234095796570935022e+01	3.080454999370079605e+00	3.000000000000000000e+02
3.219932359993437387e+01	3.080338110359114978e+00	3.000000000000000000e+02
3.210427407064503313e+01	3.079897627171636287e+00	3.000000000000000000e+02
3.191989807190826411e+01	3.080387043766428246e+00	3.000000000000000000e+02
3.177662414034779914e+01	3.080429853131648077e+00	3.000000000000000000e+02
3.167592026863879084e+01	3.080068049343807068e+00	3.000000000000000000e+02
3.152559802467652972e+01	3.080611283988398341e+00	3.000000000000000000e+02
3.137107239001663572e+01	3.080013300945683596e+00	3.000000000000000000e+02
3.127728578779950652e+01	3.080295769385993587e+00	3.000000000000000000e+02
3.116918222247064563e+01	3.079951486611347544e+00	3.000000000000000000e+02
3.103894365942866429e+01	3.080461153269664187e+00	3.000000000000000000e+02
3.090147509358634537e+01	3.080649175371149795e+00	3.000000000000000000e+02
3.069922433249570304e+01	3.080187245583977607e+00	3.000000000000000000e+02
3.060845199999982569e+01	3.080021314130565457e+00	3.000000000000000000e+02
