2.950000000000000000e+01 6.213652618688976850e-04 7.161000000000000476e+00
2.810000000000000142e+01 6.530823106094228725e-04 7.081000000000000405e+00
2.850000000000000000e+01 6.815156097694230475e-04 6.992000000000000881e+00
2.719999999999999929e+01 7.203409832999474113e-04 7.014999999999999680e+00
2.669999999999999929e+01 8.160329551504729925e-04 6.992999999999999439e+00
2.660000000000000142e+01 8.089246303604729488e-04 7.042000000000000703e+00
2.550000000000000000e+01 7.307330576704724676e-04 7.102999999999999758e+00
2.469999999999999929e+01 8.051000551509970501e-04 7.042999999999999261e+00
2.480000000000000071e+01 8.122083799409979613e-04 7.037999999999999368e+00
2.330000000000000071e+01 8.368171038915231050e-04 6.990000000000000213e+00
2.250000000000000000e+01 7.799505055715227550e-04 7.102999999999999758e+00
2.280000000000000071e+01 8.012754799415228862e-04 6.980000000000000426e+00
2.150000000000000000e+01 8.401008534720472501e-04 7.117000000000000881e+00
2.050000000000000000e+01 9.002512013725726125e-04 7.121000000000000441e+00
2.069999999999999929e+01 9.144678509525718327e-04 7.120000000000000107e+00
1.919999999999999929e+01 9.390765749030969764e-04 7.057999999999999829e+00
1.910000000000000142e+01 9.319682501130978000e-04 7.067999999999999616e+00
1.850000000000000000e+01 1.020551897173622470e-03 7.077999999999999403e+00
1.710000000000000142e+01 9.210353501136218576e-04 7.019000000000000128e+00
1.700000000000000000e+01 9.139270253236226813e-04 6.977999999999999758e+00
1.680000000000000071e+01 1.030943971544147526e-03 7.096000000000000085e+00
1.550000000000000000e+01 9.385357492741469576e-04 6.962999999999999190e+00
1.509999999999999964e+01 9.101024501141476500e-04 7.082000000000000739e+00
1.500000000000000000e+01 1.034227721124671671e-03 7.092999999999999972e+00
1.540000000000000036e+01 1.062661020284671846e-03 7.044999999999999929e+00
1.430000000000000071e+01 1.115703043395197165e-03 7.100999999999999979e+00
1.240000000000000036e+01 9.806448723851972013e-04 7.150000000000000355e+00
1.159999999999999964e+01 1.055011869865721784e-03 7.147999999999999687e+00
1.100000000000000000e+01 1.012361921125721521e-03 7.016000000000000014e+00
1.019999999999999929e+01 9.554953228057220388e-04 7.136000000000000121e+00
1.000000000000000000e+01 1.072512269026246884e-03 7.091000000000000192e+00
8.800000000000000711e+00 1.118445967346772159e-03 7.138999999999999346e+00
8.300000000000000711e+00 1.082904343396771940e-03 7.076000000000000512e+00
7.700000000000000178e+00 1.040254394656771678e-03 7.147999999999999687e+00
6.799999999999999822e+00 1.107513067347297084e-03 7.104000000000000092e+00
6.599999999999999645e+00 1.093296417767296996e-03 7.105000000000000426e+00
5.799999999999999822e+00 1.167663415247821579e-03 7.185999999999999943e+00
5.000000000000000000e+00 1.110796816927822096e-03 7.054999999999999716e+00
4.200000000000000178e+00 1.185163814408347546e-03 7.080000000000000071e+00
3.799999999999999822e+00 1.156730515248347371e-03 7.122999999999999332e+00
3.100000000000000089e+00 1.106972241718347065e-03 7.127000000000000668e+00
2.299999999999999822e+00 1.181339239198872515e-03 7.160000000000000142e+00
1.600000000000000089e+00 1.131580965668872209e-03 7.108999999999999986e+00
8.000000000000000444e-01 1.074714367348872726e-03 7.065000000000000391e+00
5.000000000000000000e-01 1.184622988779397527e-03 7.088999999999999524e+00
1.000000000000000056e-01 1.156189689619397352e-03 7.062999999999999723e+00
-1.000000000000000000e+00 1.209231712729920936e-03 7.060999999999999943e+00
-1.600000000000000089e+00 1.166581763989921541e-03 7.099999999999999645e+00
-2.000000000000000000e+00 1.138148464829921366e-03 7.077000000000000846e+00
-3.000000000000000000e+00 1.198298812730446729e-03 6.977999999999999758e+00
-3.500000000000000000e+00 1.162757188780446510e-03 7.032000000000000028e+00
-4.200000000000000178e+00 1.112998915250446204e-03 7.093999999999999417e+00
-4.400000000000000355e+00 1.230015861470971049e-03 7.157999999999999474e+00
-5.099999999999999645e+00 1.180257587940971610e-03 7.113999999999999879e+00
-5.700000000000000178e+00 1.137607639200971348e-03 7.040000000000000036e+00
-6.200000000000000178e+00 1.233299611051496061e-03 7.071000000000000618e+00
-7.000000000000000000e+00 1.176433012731496579e-03 7.195000000000000284e+00
-7.599999999999999645e+00 1.133783063991496316e-03 7.091000000000000192e+00
-8.000000000000000000e+00 1.236583360632021074e-03 7.089999999999999858e+00
-8.500000000000000000e+00 1.201041736682020855e-03 7.037000000000000810e+00
-8.900000000000000355e+00 1.172608437522020680e-03 7.137000000000000455e+00
-9.300000000000000711e+00 1.144175138362021373e-03 7.105999999999999872e+00
-9.900000000000000355e+00 1.232758785422546043e-03 7.120000000000000107e+00
-1.019999999999999929e+01 1.211433811052545911e-03 7.107999999999999652e+00
-1.080000000000000071e+01 1.168783862312545649e-03 7.133999999999999453e+00
-1.109999999999999964e+01 1.147458887942546385e-03 7.152999999999999581e+00
-1.159999999999999964e+01 1.111917263992546166e-03 7.222999999999999865e+00
-1.200000000000000000e+01 1.214717560633070924e-03 7.165000000000000036e+00
-1.250000000000000000e+01 1.179175936683070705e-03 6.990000000000000213e+00
-1.290000000000000036e+01 1.150742637523070530e-03 7.060999999999999943e+00
-1.300000000000000000e+01 1.143634312733070486e-03 7.094999999999999751e+00
-1.359999999999999964e+01 1.100984363993071091e-03 7.011000000000000121e+00
-1.400000000000000000e+01 1.072551064833070916e-03 7.042999999999999261e+00
-1.450000000000000000e+01 1.168243036683595630e-03 7.022999999999999687e+00
-1.490000000000000036e+01 1.139809737523595455e-03 7.004999999999999893e+00
-1.469999999999999929e+01 1.154026387103595543e-03 7.082000000000000739e+00
-1.509999999999999964e+01 1.125593087943595368e-03 7.232000000000000206e+00
-1.750000000000000000e+01 9.549932929835960524e-04 7.187000000000000277e+00
-1.880000000000000071e+01 9.938186665141204162e-04 7.051000000000000156e+00
-1.969999999999999929e+01 1.061077339204645822e-03 7.127000000000000668e+00
-2.069999999999999929e+01 9.899940913046462523e-04 7.169999999999999929e+00
-2.130000000000000071e+01 1.078577738365170922e-03 6.997999999999999332e+00
-2.210000000000000142e+01 1.021711140045170572e-03 7.121000000000000441e+00
-2.300000000000000000e+01 1.088969812735695979e-03 7.150999999999999801e+00
-2.380000000000000071e+01 1.032103214415695629e-03 7.189000000000000057e+00
-2.450000000000000000e+01 1.113578536686220255e-03 7.156000000000000583e+00
-2.519999999999999929e+01 1.063820263156220816e-03 7.022999999999999687e+00
-2.580000000000000071e+01 1.021170314416220554e-03 7.077000000000000846e+00
-2.660000000000000142e+01 1.095537311896745136e-03 7.129999999999999893e+00
-2.710000000000000142e+01 1.059995687946744918e-03 7.112000000000000099e+00
-2.760000000000000142e+01 1.155687659797270499e-03 7.043999999999999595e+00
-2.819999999999999929e+01 1.113037711057270236e-03 7.167000000000000703e+00
-2.869999999999999929e+01 1.208729682907795817e-03 7.097999999999999865e+00
-2.939999999999999858e+01 1.158971409377795511e-03 7.028999999999999915e+00
-2.969999999999999929e+01 1.137646435007795380e-03 7.161000000000000476e+00
-3.030000000000000071e+01 1.226230082068320050e-03 7.208999999999999631e+00
-3.089999999999999858e+01 1.183580133328319788e-03 7.142999999999999794e+00
-3.150000000000000000e+01 1.140930184588320392e-03 7.141000000000000014e+00
-3.220000000000000284e+01 1.222405506858845019e-03 7.195000000000000284e+00
-3.260000000000000142e+01 1.193972207698844844e-03 7.147000000000000242e+00
-3.320000000000000284e+01 1.151322258958844581e-03 7.172999999999999154e+00
-3.379999999999999716e+01 1.239905906019370119e-03 7.156000000000000583e+00
-3.429999999999999716e+01 1.204364282069369900e-03 7.099000000000000199e+00
-3.460000000000000142e+01 1.314272903499894701e-03 7.132000000000000561e+00
-3.510000000000000142e+01 1.278731279549894483e-03 7.037999999999999368e+00
-3.550000000000000000e+01 1.250297980389895175e-03 7.157000000000000028e+00
-3.610000000000000142e+01 1.338881627450419845e-03 7.060999999999999943e+00
-3.660000000000000142e+01 1.303340003500419626e-03 7.185999999999999943e+00
-3.689999999999999858e+01 1.282015029130420362e-03 7.054999999999999716e+00
-3.750000000000000000e+01 1.370598676190945032e-03 7.161000000000000476e+00
-3.800000000000000000e+01 1.335057052240944814e-03 7.157000000000000028e+00
-3.870000000000000284e+01 1.416532374511469440e-03 7.253999999999999559e+00
-3.910000000000000142e+01 1.388099075351469265e-03 6.992999999999999439e+00
-3.960000000000000142e+01 1.483791047201994846e-03 7.042999999999999261e+00
-4.010000000000000142e+01 1.448249423251994628e-03 7.075000000000000178e+00
-4.110000000000000142e+01 1.508399771152519990e-03 7.032000000000000028e+00
-4.179999999999999716e+01 1.589875093423044616e-03 7.168999999999999595e+00
-4.220000000000000284e+01 1.561441794263044441e-03 7.112000000000000099e+00
-4.300000000000000000e+01 1.635808791743569891e-03 7.138999999999999346e+00
-4.350000000000000000e+01 1.731500763594095472e-03 7.128999999999999559e+00
-4.410000000000000142e+01 1.688850814854093475e-03 7.150000000000000355e+00
-4.470000000000000284e+01 1.777434461914619880e-03 7.102999999999999758e+00
-4.539999999999999858e+01 1.858909784185143639e-03 7.036000000000000476e+00
-4.589999999999999858e+01 1.954601756035669220e-03 7.052999999999999936e+00
-4.629999999999999716e+01 1.926168456875669045e-03 7.072000000000000064e+00
-4.670000000000000284e+01 2.028968753516193803e-03 7.201000000000000512e+00
-4.720000000000000284e+01 2.124660725366721119e-03 7.201000000000000512e+00
-4.779999999999999716e+01 2.213244372427244054e-03 7.013999999999999346e+00
-4.839999999999999858e+01 2.301828019487770459e-03 7.169999999999999929e+00
-4.879999999999999716e+01 2.404628316128293482e-03 7.007999999999999119e+00
-4.920000000000000284e+01 2.507428612768819974e-03 7.137000000000000455e+00
-4.970000000000000284e+01 2.603120584619343821e-03 7.163999999999999702e+00
-5.029999999999999716e+01 2.822937827480393423e-03 7.115000000000000213e+00
-5.079999999999999716e+01 2.918629799330919004e-03 7.094999999999999751e+00
-5.110000000000000142e+01 3.159772016561967871e-03 7.054999999999999716e+00
-5.170000000000000284e+01 3.248355663622492541e-03 7.099999999999999645e+00
-5.220000000000000284e+01 3.344047635473016387e-03 7.100999999999999979e+00
-5.239999999999999858e+01 3.592298177494067900e-03 7.057000000000000384e+00
-5.300000000000000000e+01 3.680881824554592570e-03 7.144999999999999574e+00
-5.329999999999999716e+01 3.790790445985116504e-03 7.027999999999999581e+00
-5.360000000000000142e+01 4.031932663216168840e-03 7.134999999999999787e+00
-5.420000000000000284e+01 4.251749906077216708e-03 7.035000000000000142e+00
-5.450000000000000000e+01 4.361658527507742376e-03 7.087000000000000632e+00
-5.510000000000000142e+01 4.581475770368793714e-03 7.120000000000000107e+00
-5.550000000000000000e+01 4.684276067009316737e-03 7.047000000000000597e+00
-5.550000000000000000e+01 4.815509662809841669e-03 7.126000000000000334e+00
-5.629999999999999716e+01 5.021110256090891184e-03 7.022999999999999687e+00
-5.660000000000000142e+01 5.131018877521416853e-03 7.091000000000000192e+00
-5.700000000000000000e+01 5.365052769962466543e-03 7.094999999999999751e+00
-5.729999999999999716e+01 5.343727795592467279e-03 7.112999999999999545e+00
-5.750000000000000000e+01 5.460744741812992124e-03 7.012000000000000455e+00
-5.779999999999999716e+01 5.570653363243517793e-03 7.078999999999999737e+00
-5.829999999999999716e+01 5.666345335094041639e-03 7.032000000000000028e+00
-5.839999999999999858e+01 5.790470606104569130e-03 7.072000000000000064e+00
-5.900000000000000000e+01 5.879054253165092066e-03 7.033999999999999808e+00
-5.920000000000000284e+01 6.127304795186140109e-03 7.087999999999999190e+00
-5.960000000000000142e+01 6.098871496026141668e-03 6.950000000000000178e+00
-6.000000000000000000e+01 6.201671792666669895e-03 7.022000000000000242e+00
-6.029999999999999716e+01 6.311580414097192095e-03 7.042999999999999261e+00
-6.100000000000000000e+01 6.524289332168240786e-03 6.972999999999999865e+00
-6.139999999999999858e+01 6.627089628808762074e-03 7.001000000000000334e+00
-6.170000000000000284e+01 6.736998250239291212e-03 7.086000000000000298e+00
-6.139999999999999858e+01 6.758323224609290476e-03 7.044999999999999929e+00
-6.189999999999999858e+01 6.854015196459816057e-03 7.137000000000000455e+00
-6.250000000000000000e+01 6.811365247719815795e-03 7.099000000000000199e+00
-6.129999999999999716e+01 6.896665145199816320e-03 7.059000000000000163e+00
-6.200000000000000000e+01 6.978140467470341814e-03 6.767999999999999794e+00
-6.450000000000000000e+01 7.062899539321391452e-03 7.022999999999999687e+00
-6.420000000000000284e+01 7.084224513691390716e-03 6.997000000000000774e+00
-6.479999999999999716e+01 7.172808160751918856e-03 7.040000000000000036e+00
-6.550000000000000000e+01 7.123049887221919417e-03 7.076000000000000512e+00
-6.620000000000000284e+01 7.204525209492441441e-03 7.086000000000000298e+00
-6.679999999999999716e+01 7.293108856552966111e-03 6.997000000000000774e+00
-6.740000000000000568e+01 7.250458907812965849e-03 7.042000000000000703e+00
-6.709999999999999432e+01 7.403017477983491780e-03 7.293999999999999595e+00
-6.750000000000000000e+01 7.374584178823491605e-03 7.025999999999999801e+00
-6.870000000000000284e+01 7.420517877144016013e-03 7.013999999999999346e+00
-6.959999999999999432e+01 7.487776549834541419e-03 7.073999999999999844e+00
-6.990000000000000568e+01 7.466451575464540420e-03 7.086000000000000298e+00
-6.959999999999999432e+01 7.619010145635066351e-03 7.113999999999999879e+00
-6.800000000000000000e+01 7.601509746474540384e-03 6.732000000000000206e+00
-6.729999999999999716e+01 7.651268020004539823e-03 7.032000000000000028e+00
-6.640000000000000568e+01 7.715242943114539349e-03 7.153999999999999915e+00
-6.659999999999999432e+01 7.569792697734016064e-03 7.017999999999999794e+00
-6.520000000000000284e+01 7.669309244794014942e-03 6.974999999999999645e+00
-6.459999999999999432e+01 7.580725597733492006e-03 6.895999999999999908e+00
-6.320000000000000284e+01 7.680242144793490884e-03 7.044999999999999929e+00
-6.420000000000000284e+01 7.609158896893490447e-03 7.297999999999999154e+00
-6.229999999999999716e+01 7.612983472102965478e-03 7.006000000000000227e+00
-6.139999999999999858e+01 7.545724799412440072e-03 6.916000000000000369e+00
-6.060000000000000142e+01 7.602591397732440422e-03 7.112999999999999545e+00
-5.970000000000000284e+01 7.535332725041918485e-03 6.948999999999999844e+00
-5.939999999999999858e+01 7.556657699411919484e-03 7.007999999999999119e+00
-6.010000000000000142e+01 7.506899425881918310e-03 7.037999999999999368e+00
-6.029999999999999716e+01 7.361449180501391555e-03 7.044999999999999929e+00
-5.979999999999999716e+01 7.396990804451390907e-03 6.969999999999999751e+00
-5.989999999999999858e+01 7.389882479661391730e-03 6.921000000000000263e+00
-6.000000000000000000e+01 7.382774154871390819e-03 7.157999999999999474e+00
-5.970000000000000284e+01 7.404099129241390083e-03 7.017000000000000348e+00
-5.979999999999999716e+01 7.396990804451390907e-03 7.094999999999999751e+00
-5.979999999999999716e+01 7.396990804451390907e-03 7.028999999999999915e+00
-5.960000000000000142e+01 7.411207454031390994e-03 7.086000000000000298e+00
-5.950000000000000000e+01 7.418315778821391905e-03 6.797999999999999154e+00
-5.960000000000000142e+01 7.411207454031390994e-03 7.161000000000000476e+00
-5.960000000000000142e+01 7.411207454031390994e-03 7.054999999999999716e+00
-5.970000000000000284e+01 7.404099129241390083e-03 6.842000000000000526e+00
-5.929999999999999716e+01 7.432532428401390258e-03 7.019999999999999574e+00
-5.939999999999999858e+01 7.425424103611391081e-03 7.099000000000000199e+00
-6.010000000000000142e+01 7.375665830081389908e-03 6.967999999999999972e+00
-5.970000000000000284e+01 7.404099129241390083e-03 7.001000000000000334e+00
-5.960000000000000142e+01 7.411207454031390994e-03 6.972000000000000419e+00
-6.000000000000000000e+01 7.251540559070862417e-03 7.067000000000000171e+00
-5.950000000000000000e+01 7.418315778821391905e-03 7.003999999999999559e+00
-5.939999999999999858e+01 7.294190507810862679e-03 7.065999999999999837e+00
-6.020000000000000284e+01 7.368557505291390732e-03 6.995000000000000107e+00
-5.979999999999999716e+01 7.265757208650862504e-03 6.987000000000000099e+00
-5.920000000000000284e+01 7.308407157390861032e-03 6.957999999999999297e+00
-5.829999999999999716e+01 7.372382080500862293e-03 7.120000000000000107e+00
-5.779999999999999716e+01 7.407923704450863379e-03 7.036000000000000476e+00
-5.760000000000000142e+01 7.290906758230340269e-03 7.037000000000000810e+00
-5.629999999999999716e+01 7.383314980500339970e-03 7.004999999999999893e+00
-5.570000000000000284e+01 7.294731333439817035e-03 7.092000000000000526e+00
-5.520000000000000284e+01 7.330272957389816386e-03 6.982999999999999652e+00
-5.450000000000000000e+01 7.380031230919815825e-03 6.985000000000000320e+00
-5.370000000000000284e+01 7.305664233439291243e-03 7.025999999999999801e+00
-5.300000000000000000e+01 7.355422506969290682e-03 7.053999999999999382e+00
-5.260000000000000142e+01 7.252622210328762455e-03 6.972000000000000419e+00
-5.179999999999999716e+01 7.309488808648762805e-03 6.990000000000000213e+00
-5.120000000000000284e+01 7.220905161588241604e-03 6.975999999999999979e+00
-5.060000000000000142e+01 7.132321514527716934e-03 6.951000000000000512e+00
-4.970000000000000284e+01 7.196296437637716460e-03 7.025999999999999801e+00
-4.920000000000000284e+01 7.231838061587715812e-03 7.028999999999999915e+00
-4.860000000000000142e+01 7.143254414527191141e-03 6.959999999999999964e+00
-4.800000000000000000e+01 7.054670767466669941e-03 7.001000000000000334e+00
-4.729999999999999716e+01 7.104429040996671114e-03 7.017999999999999794e+00
-4.670000000000000284e+01 7.015845393936141240e-03 6.979000000000000092e+00
-4.620000000000000284e+01 7.051387017886140592e-03 7.042999999999999261e+00
-4.550000000000000000e+01 7.101145291416141765e-03 6.983999999999999986e+00
-4.500000000000000000e+01 7.005453319565616184e-03 7.017000000000000348e+00
-4.439999999999999858e+01 7.048103268305616446e-03 6.987000000000000099e+00
-4.379999999999999716e+01 6.959519621245091776e-03 6.993999999999999773e+00
-4.329999999999999716e+01 6.995061245195091128e-03 6.998999999999999666e+00
-4.279999999999999716e+01 6.899369273344570751e-03 6.962000000000000632e+00
-4.220000000000000284e+01 6.942019222084571013e-03 6.907000000000000028e+00
-4.170000000000000284e+01 6.977560846034570365e-03 6.964999999999999858e+00
-4.100000000000000000e+01 6.896085523764041401e-03 7.036000000000000476e+00
-4.060000000000000142e+01 6.924518822924041576e-03 6.961000000000000298e+00
-3.989999999999999858e+01 6.843043500653516083e-03 7.008999999999999453e+00
-3.939999999999999858e+01 6.878585124603517169e-03 6.900999999999999801e+00
-3.879999999999999716e+01 6.921235073343517431e-03 6.916000000000000369e+00
-3.820000000000000284e+01 6.832651426282991027e-03 6.974000000000000199e+00
-3.760000000000000142e+01 6.875301375022991289e-03 6.932000000000000384e+00
-3.700000000000000000e+01 6.786717727962466619e-03 6.934000000000000163e+00
-3.629999999999999716e+01 6.836476001492467792e-03 6.980999999999999872e+00
-3.570000000000000284e+01 6.747892354431941388e-03 6.923999999999999488e+00
-3.510000000000000142e+01 6.790542303171941650e-03 6.917000000000000703e+00
-3.450000000000000000e+01 6.701958656111416980e-03 7.007000000000000561e+00
-3.379999999999999716e+01 6.751716929641418154e-03 6.940999999999999837e+00
-3.310000000000000142e+01 6.670241607370890925e-03 6.918999999999999595e+00
-3.260000000000000142e+01 6.705783231320890277e-03 6.934000000000000163e+00
-3.180000000000000071e+01 6.631416233840367429e-03 6.953999999999999737e+00
-3.110000000000000142e+01 6.681174507370366868e-03 6.948999999999999844e+00
-3.050000000000000000e+01 6.723824456110367130e-03 6.892000000000000348e+00
-2.989999999999999858e+01 6.635240809049842460e-03 6.955000000000000071e+00
-2.919999999999999929e+01 6.684999082579841899e-03 6.905000000000000249e+00
-2.860000000000000142e+01 6.596415435519317229e-03 6.979000000000000092e+00
-2.780000000000000071e+01 6.522048438038794381e-03 6.975999999999999979e+00
-2.719999999999999929e+01 6.564698386778794643e-03 6.957000000000000739e+00
-2.660000000000000142e+01 6.607348335518794906e-03 6.927999999999999936e+00
-2.589999999999999858e+01 6.525873013248267678e-03 6.975999999999999979e+00
-2.519999999999999929e+01 6.444397690977742184e-03 6.927000000000000490e+00
-2.439999999999999858e+01 6.501264289297742534e-03 6.972999999999999865e+00
-2.389999999999999858e+01 6.405572317447216953e-03 6.974000000000000199e+00
-2.319999999999999929e+01 6.455330590977218126e-03 6.977999999999999758e+00
-2.260000000000000142e+01 6.366746943916695191e-03 6.900999999999999801e+00
-2.189999999999999858e+01 6.285271621646169697e-03 7.016000000000000014e+00
-2.110000000000000142e+01 6.342138219966170047e-03 6.897000000000000242e+00
-2.060000000000000142e+01 6.246446248115642731e-03 6.945000000000000284e+00
-1.980000000000000071e+01 6.303312846435643081e-03 6.945000000000000284e+00
-1.919999999999999929e+01 6.214729199375116676e-03 6.964999999999999858e+00
-1.860000000000000142e+01 6.126145552314593741e-03 6.966000000000000192e+00
-1.780000000000000071e+01 6.051778554834067424e-03 6.972000000000000419e+00
-1.710000000000000142e+01 6.101536828364068597e-03 6.903999999999999915e+00
-1.650000000000000000e+01 6.012953181303543927e-03 6.889999999999999680e+00
-1.590000000000000036e+01 5.924369534243017522e-03 6.961000000000000298e+00
-1.519999999999999929e+01 5.842894211972493763e-03 6.945000000000000284e+00
-1.450000000000000000e+01 5.761418889701968270e-03 6.915000000000000036e+00
-1.380000000000000071e+01 5.548709971630917843e-03 6.916000000000000369e+00
-1.319999999999999929e+01 5.460126324570393173e-03 7.022000000000000242e+00
-1.240000000000000036e+01 5.254525731289343658e-03 6.939000000000000057e+00
-1.180000000000000071e+01 5.034708488428294056e-03 6.943999999999999950e+00
-1.109999999999999964e+01 4.821999570357243629e-03 6.946000000000000618e+00
-1.050000000000000000e+01 4.602182327496194027e-03 6.935999999999999943e+00
-7.700000000000000178e+00 4.226412272009894347e-03 7.082999999999999297e+00
-6.900000000000000355e+00 3.889578082928319899e-03 6.997000000000000774e+00
-6.400000000000000355e+00 3.531418919476746188e-03 6.850999999999999979e+00
-5.599999999999999645e+00 3.194584730395170005e-03 7.031000000000000583e+00
-4.799999999999999822e+00 2.857750541313595558e-03 6.937000000000000277e+00
-4.099999999999999645e+00 2.645041623242546866e-03 6.927999999999999936e+00
-3.399999999999999911e+00 2.301099109370971507e-03 6.884999999999999787e+00
-2.600000000000000089e+00 2.226732111890446057e-03 6.708999999999999631e+00
-1.899999999999999911e+00 2.014023193819397366e-03 6.990000000000000213e+00
-1.100000000000000089e+00 1.939656196338872783e-03 6.922999999999999154e+00
-4.000000000000000222e-01 1.858180874068347289e-03 7.020999999999999908e+00
5.000000000000000000e-01 1.790922201377821883e-03 6.975999999999999979e+00
1.100000000000000089e+00 1.702338554317296346e-03 6.985000000000000320e+00
1.699999999999999956e+00 1.744988503057296608e-03 6.935999999999999943e+00
2.399999999999999911e+00 1.663513180786771982e-03 6.861000000000000654e+00
3.200000000000000178e+00 1.720379779106771465e-03 7.000000000000000000e+00
3.700000000000000178e+00 1.624687807256246751e-03 6.967000000000000526e+00
4.400000000000000355e+00 1.674446080786247057e-03 6.942000000000000171e+00
5.000000000000000000e+00 1.585862433725722387e-03 7.000000000000000000e+00
5.799999999999999822e+00 1.642729032045721869e-03 6.961000000000000298e+00
6.500000000000000000e+00 1.561253709775197243e-03 6.877000000000000668e+00
7.000000000000000000e+00 1.596795333725196595e-03 6.996000000000000441e+00
7.900000000000000355e+00 1.529536661034672056e-03 6.957999999999999297e+00
8.500000000000000000e+00 1.440953013974147386e-03 6.946000000000000618e+00
9.099999999999999645e+00 1.483602962714146781e-03 6.897999999999999687e+00
9.800000000000000711e+00 1.533361236244147087e-03 6.873999999999999666e+00
1.040000000000000036e+01 1.444777589183622417e-03 6.867999999999999439e+00
1.109999999999999964e+01 1.494535862713621856e-03 6.945000000000000284e+00
1.169999999999999929e+01 1.405952215653097186e-03 6.982000000000000206e+00
1.250000000000000000e+01 1.462818813973097536e-03 6.947000000000000064e+00
1.309999999999999964e+01 1.374235166912571998e-03 6.894000000000000128e+00
1.369999999999999929e+01 1.416885115652572261e-03 6.857000000000000206e+00
1.440000000000000036e+01 1.335409793382047634e-03 6.826000000000000512e+00
1.500000000000000000e+01 1.378059742122047029e-03 6.875000000000000000e+00
1.569999999999999929e+01 1.427818015652047336e-03 6.823999999999999844e+00
1.639999999999999858e+01 1.346342693381522709e-03 6.915000000000000036e+00
1.700000000000000000e+01 1.257759046320998039e-03 6.900000000000000355e+00
1.769999999999999929e+01 1.307517319850997478e-03 6.847000000000000419e+00
1.850000000000000000e+01 1.364383918170997828e-03 6.921000000000000263e+00
1.900000000000000000e+01 1.268691946320472247e-03 6.849999999999999645e+00
1.969999999999999929e+01 1.318450219850472553e-03 6.912000000000000810e+00
2.030000000000000071e+01 1.361100168590472816e-03 6.985000000000000320e+00
2.110000000000000142e+01 1.286733171109947366e-03 6.799999999999999822e+00
2.169999999999999929e+01 1.329383119849947628e-03 6.906000000000000583e+00
2.239999999999999858e+01 1.379141393379947934e-03 6.860000000000000320e+00
2.310000000000000142e+01 1.297666071109423308e-03 6.822999999999999510e+00
2.369999999999999929e+01 1.340316019849422703e-03 6.862999999999999545e+00
2.439999999999999858e+01 1.258840697578898077e-03 6.900000000000000355e+00
2.510000000000000142e+01 1.308598971108897516e-03 6.915000000000000036e+00
2.580000000000000071e+01 1.227123648838372889e-03 6.882000000000000561e+00
2.639999999999999858e+01 1.269773597578373152e-03 6.843999999999999417e+00
2.700000000000000000e+01 1.312423546318372547e-03 6.921000000000000263e+00
2.769999999999999929e+01 1.230948224047847921e-03 6.913999999999999702e+00
2.839999999999999858e+01 1.280706497577848227e-03 6.894999999999999574e+00
2.900000000000000000e+01 1.192122850517323557e-03 6.877999999999999226e+00
2.969999999999999929e+01 1.241881124047322996e-03 6.879999999999999893e+00
2.939999999999999858e+01 8.268553622757480667e-04 6.887999999999999901e+00
2.969999999999999929e+01 7.169467408452232654e-04 6.948999999999999844e+00
