2.980000000000000071e+01 5.760800472459371054e-03 2.001009999999999991e+02
2.860000000000000142e+01 5.675500574979370529e-03 2.001329999999999814e+02
2.850000000000000000e+01 5.799625845989896285e-03 2.001520000000000152e+02
2.710000000000000142e+01 5.700109298929895672e-03 2.000629999999999882e+02
2.689999999999999858e+01 5.817126245150420517e-03 2.000840000000000032e+02
2.660000000000000142e+01 5.795801270780419519e-03 2.001179999999999950e+02
2.660000000000000142e+01 5.795801270780419519e-03 1.999270000000000209e+02
2.580000000000000071e+01 5.738934672460420904e-03 2.002220000000000084e+02
2.519999999999999929e+01 5.827518319520945574e-03 2.000879999999999939e+02
2.469999999999999929e+01 5.923210291371469420e-03 2.001320000000000050e+02
2.389999999999999858e+01 5.997577288851995737e-03 2.002379999999999995e+02
2.310000000000000142e+01 5.940710690531995387e-03 2.001390000000000100e+02
2.210000000000000142e+01 6.000861038432519882e-03 2.001290000000000191e+02
2.010000000000000142e+01 5.858694542632520742e-03 2.000859999999999843e+02
2.010000000000000142e+01 5.989928138433045675e-03 2.001380000000000052e+02
1.889999999999999858e+01 5.904628240953045150e-03 2.001200000000000045e+02
1.880000000000000071e+01 6.028753511963569171e-03 2.000780000000000030e+02
1.910000000000000142e+01 6.050078486333570170e-03 2.000409999999999968e+02
1.780000000000000071e+01 6.088903859864095401e-03 1.999990000000000236e+02
1.789999999999999858e+01 6.096012184654094578e-03 2.002120000000000175e+02
1.750000000000000000e+01 6.198812481294619335e-03 2.002509999999999764e+02
1.650000000000000000e+01 6.258962829195143830e-03 2.000840000000000032e+02
1.590000000000000036e+01 6.216312880455145302e-03 2.002090000000000032e+02
1.469999999999999929e+01 6.262246578775669710e-03 2.001929999999999836e+02
1.440000000000000036e+01 6.240921604405668711e-03 2.001290000000000191e+02
1.250000000000000000e+01 6.105863433395668748e-03 2.000979999999999848e+02
1.180000000000000071e+01 6.187338755666194241e-03 2.001170000000000186e+02
1.119999999999999929e+01 6.144688806926193979e-03 2.000559999999999832e+02
1.109999999999999964e+01 6.268814077936721470e-03 1.999609999999999843e+02
1.090000000000000036e+01 6.254597428356721382e-03 2.001270000000000095e+02
1.019999999999999929e+01 6.336072750627243406e-03 1.999079999999999870e+02
1.019999999999999929e+01 6.336072750627243406e-03 2.000740000000000123e+02
9.500000000000000000e+00 6.417548072897770635e-03 2.000929999999999893e+02
8.300000000000000711e+00 6.463481771218293308e-03 2.004379999999999882e+02
6.900000000000000355e+00 6.495198819958821097e-03 2.001040000000000134e+02
6.599999999999999645e+00 6.605107441389343297e-03 2.002590000000000146e+02
5.099999999999999645e+00 6.498482569539343508e-03 2.001800000000000068e+02
4.700000000000000178e+00 6.601282866179868265e-03 2.001509999999999820e+02
4.599999999999999645e+00 6.594174541389869089e-03 2.000749999999999886e+02
4.700000000000000178e+00 6.601282866179868265e-03 1.999909999999999854e+02
4.000000000000000000e+00 6.813991784250918692e-03 2.000500000000000114e+02
2.600000000000000089e+00 6.976942428791967944e-03 1.997429999999999950e+02
1.300000000000000044e+00 6.884534206521968243e-03 2.001540000000000248e+02
9.000000000000000222e-01 6.987334503162493000e-03 2.002949999999999875e+02
-2.999999999999999889e-01 6.902034605682494210e-03 2.003000000000000114e+02
4.000000000000000222e-01 6.951792879212493649e-03 2.001109999999999900e+02
-2.100000000000000089e+00 6.905318355263016621e-03 2.002509999999999764e+02
-1.699999999999999956e+00 6.933751654423016796e-03 1.999530000000000030e+02
-1.699999999999999956e+00 7.196218846024068395e-03 1.994670000000000130e+02
-2.399999999999999911e+00 7.146460572494068957e-03 1.998909999999999911e+02
-2.799999999999999822e+00 7.511728060735643579e-03 1.999429999999999836e+02
-3.799999999999999822e+00 7.571878408636169809e-03 2.006119999999999948e+02
-4.500000000000000000e+00 7.653353730906695303e-03 1.999679999999999893e+02
-6.900000000000000355e+00 7.876454723348268183e-03 2.004679999999999893e+02
-7.500000000000000000e+00 7.702571178807742121e-03 2.003700000000000045e+02
-6.799999999999999822e+00 7.883563048138267360e-03 1.993280000000000030e+02
-7.200000000000000178e+00 8.117596940579317050e-03 1.999120000000000061e+02
-7.599999999999999645e+00 8.089163641419316875e-03 1.998590000000000089e+02
-9.599999999999999645e+00 8.471931528821415730e-03 1.998859999999999957e+02
-1.030000000000000071e+01 8.422173255291418026e-03 2.003179999999999836e+02
-1.069999999999999929e+01 8.787440743532992649e-03 1.998229999999999791e+02
-1.190000000000000036e+01 8.833374441853517056e-03 2.003509999999999991e+02
-1.159999999999999964e+01 8.854699416223518055e-03 1.998120000000000118e+02
-1.219999999999999929e+01 9.468217446486140720e-03 1.997640000000000100e+02
-1.290000000000000036e+01 9.549692768756667949e-03 1.999890000000000043e+02
-1.450000000000000000e+01 1.009212755111929191e-02 2.008590000000000089e+02
-1.509999999999999964e+01 1.018071119817981485e-02 2.003820000000000050e+02
-1.490000000000000036e+01 1.032616144356034160e-02 1.996759999999999877e+02
-1.590000000000000036e+01 1.130494696206453889e-02 1.998429999999999893e+02
-1.619999999999999929e+01 1.128362198769454136e-02 2.005059999999999718e+02
-1.760000000000000142e+01 1.197150701543768861e-02 2.001779999999999973e+02
-1.750000000000000000e+01 1.276601691503083738e-02 1.997729999999999961e+02
-1.850000000000000000e+01 1.374480243353504161e-02 1.985399999999999920e+02
-1.950000000000000000e+01 1.472358795203923890e-02 1.996179999999999950e+02
-1.950000000000000000e+01 1.472358795203923890e-02 1.999869999999999948e+02
-2.069999999999999929e+01 1.673802558736763382e-02 1.999170000000000016e+02
-2.080000000000000071e+01 1.738708524158025931e-02 2.004259999999999877e+02
-2.210000000000000142e+01 1.834454578571445907e-02 1.991129999999999995e+02
-2.319999999999999929e+01 1.970992376683023545e-02 2.004799999999999898e+02
-2.269999999999999929e+01 1.987669898658075973e-02 1.995870000000000175e+02
-2.360000000000000142e+01 2.204369519207968406e-02 1.998340000000000032e+02
-2.410000000000000142e+01 2.279555514293283430e-02 1.999679999999999893e+02
-2.530000000000000071e+01 2.402259120345808310e-02 1.988559999999999945e+02
-2.639999999999999858e+01 2.446933401397018149e-02 2.009850000000000136e+02
-2.610000000000000142e+01 2.462189258414071089e-02 1.997800000000000011e+02
-2.680000000000000071e+01 2.693433903502015156e-02 2.000840000000000032e+02
-2.739999999999999858e+01 2.715415627788120637e-02 2.000570000000000164e+02
-2.919999999999999929e+01 2.820730879386593518e-02 2.006390000000000100e+02
-2.960000000000000142e+01 2.883504347370855272e-02 2.001759999999999877e+02
-2.989999999999999858e+01 2.920741928674014040e-02 1.998379999999999939e+02
-3.039999999999999858e+01 3.022174642919433704e-02 1.994640000000000271e+02
-3.080000000000000071e+01 3.032454672583484792e-02 2.000140000000000100e+02
-3.200000000000000000e+01 3.115788199895853580e-02 2.001640000000000157e+02
-3.250000000000000000e+01 3.177850835401116458e-02 1.996500000000000057e+02
-3.370000000000000284e+01 3.261184362713482471e-02 1.990690000000000168e+02
-3.439999999999999858e+01 3.269331894940536581e-02 2.003090000000000259e+02
-3.389999999999999858e+01 3.286009416915588316e-02 1.992969999999999970e+02
-3.489999999999999858e+01 3.357641249605902711e-02 1.995200000000000102e+02
-3.579999999999999716e+01 3.377490476455008439e-02 1.996450000000000102e+02
-3.639999999999999858e+01 3.425718919901218212e-02 1.993720000000000141e+02
-3.739999999999999858e+01 3.457980673851375475e-02 2.002690000000000055e+02
-3.820000000000000284e+01 3.478540733179481120e-02 1.999629999999999939e+02
-3.800000000000000000e+01 3.479962398137480956e-02 1.997440000000000282e+02
-3.970000000000000284e+01 3.520371684314690941e-02 2.004109999999999729e+02
-4.020000000000000284e+01 3.569310960239900632e-02 1.999749999999999943e+02
-4.029999999999999716e+01 3.607970206501057847e-02 1.996159999999999854e+02
-4.029999999999999716e+01 3.621093566081110687e-02 2.000529999999999973e+02
-4.160000000000000142e+01 3.638099463014215357e-02 2.001800000000000068e+02
-4.210000000000000142e+01 3.647668660199267915e-02 1.998659999999999854e+02
-4.270000000000000284e+01 3.682773744065424848e-02 1.993209999999999980e+02
-4.329999999999999716e+01 3.704755468351529635e-02 1.998109999999999786e+02
-4.420000000000000284e+01 3.724604695200635363e-02 1.996059999999999945e+02
-4.470000000000000284e+01 3.734173892385687921e-02 2.001380000000000052e+02
-4.429999999999999716e+01 3.763263941461791884e-02 1.997779999999999916e+02
-4.629999999999999716e+01 3.788417370621950664e-02 2.003650000000000091e+02
-4.660000000000000142e+01 3.799408232765002363e-02 2.000500000000000114e+02
-4.739999999999999858e+01 3.806844932513055169e-02 1.998930000000000007e+02
-4.789999999999999858e+01 3.829537489278160567e-02 2.000130000000000052e+02
-4.839999999999999858e+01 3.839106686463213819e-02 1.997009999999999934e+02
-4.889999999999999858e+01 3.861799243228317829e-02 1.997240000000000180e+02
-5.010000000000000142e+01 3.879515972640423804e-02 2.000609999999999786e+02
-5.070000000000000284e+01 3.888374337346476445e-02 1.998459999999999752e+02
-5.089999999999999858e+01 3.900076031968528062e-02 2.000390000000000157e+02
-5.170000000000000284e+01 3.920636091296632320e-02 1.998340000000000032e+02
-5.210000000000000142e+01 3.930916120960686183e-02 1.998109999999999786e+02
-5.300000000000000000e+01 3.937641988229737683e-02 1.999309999999999832e+02
-5.379999999999999716e+01 3.945078687977790488e-02 1.997209999999999752e+02
-5.439999999999999858e+01 3.940813693103790288e-02 1.999559999999999889e+02
-5.439999999999999858e+01 3.953937052683841741e-02 1.997659999999999911e+02
-5.420000000000000284e+01 3.955358717641842270e-02 2.000140000000000100e+02
-5.520000000000000284e+01 3.961373752431894546e-02 2.003179999999999836e+02
-5.510000000000000142e+01 3.948961225330842317e-02 2.001870000000000118e+02
-5.439999999999999858e+01 3.953937052683841741e-02 1.999869999999999948e+02
-5.446000000000000085e+01 3.966633912776494630e-02 2.000440000000000111e+02
-5.429999999999999716e+01 3.954647885162842352e-02 2.001709999999999923e+02
-5.500000000000000000e+01 3.949672057809842235e-02 1.999749999999999943e+02
-5.470000000000000284e+01 3.951804555246841988e-02 1.997140000000000271e+02
-5.479999999999999716e+01 3.964217082347894910e-02 1.997479999999999905e+02
-5.710000000000000142e+01 3.960991294910947563e-02 1.999709999999999752e+02
-5.750000000000000000e+01 3.971271324575000733e-02 2.002440000000000282e+02
-5.689999999999999858e+01 3.962412959868948092e-02 2.000780000000000030e+02
-5.810000000000000142e+01 3.980129689281051986e-02 2.000459999999999923e+02
-5.960000000000000142e+01 3.982590561676104673e-02 2.000009999999999764e+02
-5.979999999999999716e+01 3.981168896718104838e-02 2.001659999999999968e+02
-5.939999999999999858e+01 3.984012226634105203e-02 2.000109999999999957e+02
-6.000000000000000000e+01 3.979747231760105003e-02 2.000190000000000055e+02
-5.970000000000000284e+01 3.981879729197104756e-02 1.999950000000000045e+02
-5.970000000000000284e+01 3.995003088777157596e-02 1.999199999999999875e+02
-6.000000000000000000e+01 3.992870591340157843e-02 2.001490000000000009e+02
-5.950000000000000000e+01 3.983301394155104591e-02 2.000990000000000180e+02
-5.950000000000000000e+01 3.983301394155104591e-02 1.997549999999999955e+02
-6.010000000000000142e+01 3.979036399281105085e-02 2.000340000000000202e+02
-5.900000000000000000e+01 3.986855556550104873e-02 1.999550000000000125e+02
-5.839999999999999858e+01 3.977997191844052233e-02 2.000259999999999820e+02
-5.779999999999999716e+01 3.982262186718051739e-02 1.999970000000000141e+02
-5.707999999999999829e+01 3.974256820986800387e-02 1.999770000000000039e+02
-5.660000000000000142e+01 3.977668816886000686e-02 2.000390000000000157e+02
-5.650000000000000000e+01 3.965256289784947763e-02 2.001159999999999854e+02
-5.570000000000000284e+01 3.957819590036894958e-02 1.999799999999999898e+02
-5.470000000000000284e+01 3.951804555246841988e-02 2.000990000000000180e+02
-5.379999999999999716e+01 3.958202047557841941e-02 1.998829999999999814e+02
-5.329999999999999716e+01 3.948632850372790770e-02 2.000469999999999970e+02
-5.279999999999999716e+01 3.939063653187737518e-02 2.000279999999999916e+02
-5.210000000000000142e+01 3.944039480540737636e-02 2.000349999999999966e+02
-5.170000000000000284e+01 3.933759450876686548e-02 2.000990000000000180e+02
-5.089999999999999858e+01 3.926322751128632355e-02 2.000990000000000180e+02
-5.039999999999999858e+01 3.916753553943580490e-02 2.000819999999999936e+02
-4.960000000000000142e+01 3.909316854195527685e-02 2.000679999999999836e+02
-4.889999999999999858e+01 3.914292681548527802e-02 2.000769999999999982e+02
-4.810000000000000142e+01 3.906855981800476385e-02 2.000250000000000057e+02
-4.729999999999999716e+01 3.899419282052423580e-02 1.999320000000000164e+02
-4.670000000000000284e+01 3.890560917346370939e-02 1.998609999999999900e+02
-4.600000000000000000e+01 3.895536744699370363e-02 1.999290000000000020e+02
-4.539999999999999858e+01 3.886678379993317722e-02 2.002030000000000030e+02
-4.489999999999999858e+01 3.890232542388318004e-02 2.002849999999999966e+02
-4.410000000000000142e+01 3.882795842640265199e-02 2.000480000000000018e+02
-4.350000000000000000e+01 3.873937477934213253e-02 2.001559999999999775e+02
-4.289999999999999858e+01 3.865079113228160612e-02 2.001150000000000091e+02
-4.229999999999999716e+01 3.856220748522107972e-02 1.999519999999999982e+02
-4.160000000000000142e+01 3.861196575875108089e-02 2.001069999999999993e+02
-4.070000000000000284e+01 3.854470708606055201e-02 2.000250000000000057e+02
-4.020000000000000284e+01 3.844901511421001949e-02 1.999840000000000089e+02
-3.950000000000000000e+01 3.836753979193950614e-02 1.999440000000000168e+02
-3.889999999999999858e+01 3.827895614487897974e-02 1.999569999999999936e+02
-3.810000000000000142e+01 3.833582274319898009e-02 1.999550000000000125e+02
-3.760000000000000142e+01 3.824013077134844757e-02 1.999140000000000157e+02
-3.679999999999999716e+01 3.816576377386791952e-02 2.000070000000000050e+02
-3.610000000000000142e+01 3.821552204739792069e-02 1.999290000000000020e+02
-3.560000000000000142e+01 3.811983007554739511e-02 1.999749999999999943e+02
-3.510000000000000142e+01 3.802413810369687647e-02 2.000020000000000095e+02
-3.439999999999999858e+01 3.794266278142634924e-02 1.998840000000000146e+02
-3.389999999999999858e+01 3.797820440537635206e-02 1.999170000000000016e+02
-3.329999999999999716e+01 3.788962075831583953e-02 2.000029999999999859e+02
-3.279999999999999716e+01 3.792516238226583541e-02 2.000159999999999911e+02
-3.229999999999999716e+01 3.782947041041529596e-02 2.000399999999999920e+02
-3.169999999999999929e+01 3.774088676335477649e-02 1.999609999999999843e+02
-3.119999999999999929e+01 3.777642838730477931e-02 1.998840000000000146e+02
-3.060000000000000142e+01 3.768784474024425291e-02 1.999550000000000125e+02
-3.000000000000000000e+01 3.759926109318373344e-02 2.000550000000000068e+02
-2.960000000000000142e+01 3.749646079654320868e-02 1.999859999999999900e+02
-2.889999999999999858e+01 3.754621907007320986e-02 1.999720000000000084e+02
-2.839999999999999858e+01 3.745052709822267734e-02 2.000420000000000016e+02
-2.769999999999999929e+01 3.736905177595215011e-02 1.998609999999999900e+02
-2.719999999999999929e+01 3.740459339990215293e-02 1.999620000000000175e+02
-2.660000000000000142e+01 3.731600975284163346e-02 2.000359999999999729e+02
-2.600000000000000000e+01 3.722742610578110706e-02 1.999629999999999939e+02
-2.539999999999999858e+01 3.727007605452110905e-02 2.000430000000000064e+02
-2.480000000000000071e+01 3.718149240746058265e-02 1.998440000000000225e+02
-2.410000000000000142e+01 3.710001708519004848e-02 1.999970000000000141e+02
-2.350000000000000000e+01 3.701143343812952208e-02 1.999559999999999889e+02
-2.289999999999999858e+01 3.705408338686952407e-02 1.999190000000000111e+02
-2.219999999999999929e+01 3.697260806459901072e-02 2.000540000000000020e+02
-2.160000000000000142e+01 3.688402441753847738e-02 1.999159999999999968e+02
-2.089999999999999858e+01 3.680254909526795015e-02 1.997259999999999991e+02
-2.030000000000000071e+01 3.671396544820743763e-02 2.000529999999999973e+02
-1.950000000000000000e+01 3.663959845072690957e-02 1.999470000000000027e+02
-1.889999999999999858e+01 3.655101480366638317e-02 2.000540000000000020e+02
-1.839999999999999858e+01 3.645532283181585065e-02 1.999509999999999934e+02
-1.769999999999999929e+01 3.637384750954533730e-02 2.000850000000000080e+02
-1.700000000000000000e+01 3.629237218727481007e-02 1.998470000000000084e+02
-1.630000000000000071e+01 3.621089686500428284e-02 1.998709999999999809e+02
-1.559999999999999964e+01 3.612942154273374867e-02 1.998590000000000089e+02
-1.500000000000000000e+01 3.590960429987270774e-02 2.000550000000000068e+02
-1.430000000000000071e+01 3.582812897760218052e-02 1.997290000000000134e+02
-1.369999999999999929e+01 3.573954533054165411e-02 1.999979999999999905e+02
-1.300000000000000000e+01 3.552683641247061236e-02 2.000049999999999955e+02
-1.230000000000000071e+01 3.544536109020007819e-02 1.999409999999999741e+02
-1.159999999999999964e+01 3.523265217212902256e-02 1.999720000000000084e+02
-1.090000000000000036e+01 3.501994325405798081e-02 1.997700000000000102e+02
-1.019999999999999929e+01 3.493846793178745358e-02 2.000359999999999729e+02
-9.599999999999999645e+00 3.471865068892641265e-02 1.999079999999999870e+02
-8.900000000000000355e+00 3.450594177085536396e-02 1.999859999999999900e+02
-8.300000000000000711e+00 3.428612452799430915e-02 1.997120000000000175e+02
-7.599999999999999645e+00 3.420464920572378192e-02 1.999679999999999893e+02
-6.900000000000000355e+00 3.386070669185221177e-02 1.999650000000000034e+02
-6.200000000000000178e+00 3.364799777378117002e-02 2.001899999999999977e+02
-5.500000000000000000e+00 3.343528885571010745e-02 2.000220000000000198e+02
-4.599999999999999645e+00 3.310556299141854258e-02 2.000709999999999980e+02
-4.000000000000000000e+00 3.288574574855748084e-02 2.003179999999999836e+02
-3.000000000000000000e+00 3.230066101745485141e-02 2.000059999999999718e+02
-2.200000000000000178e+00 3.196382682837328043e-02 1.999370000000000118e+02
-1.600000000000000089e+00 3.161277598971171110e-02 2.001059999999999945e+02
-8.000000000000000444e-01 3.114470820482960825e-02 1.996500000000000057e+02
6.700000000000000178e+00 2.463583781342343695e-02 2.005250000000000057e+02
7.500000000000000000e+00 2.062446294192716439e-02 2.010449999999999875e+02
8.099999999999999645e+00 1.594270344184826535e-02 2.012540000000000191e+02
8.699999999999999289e+00 1.270451349557514403e-02 2.012740000000000009e+02
9.300000000000000711e+00 1.064742591150674537e-02 2.009240000000000066e+02
1.000000000000000000e+01 9.384848227031497223e-03 2.007270000000000039e+02
1.090000000000000036e+01 8.661421575338347154e-03 2.003580000000000041e+02
1.140000000000000036e+01 8.172028816086246775e-03 2.001740000000000066e+02
1.200000000000000000e+01 7.820977977424672239e-03 2.006719999999999970e+02
1.280000000000000071e+01 7.484143788343097792e-03 2.003390000000000271e+02
1.350000000000000000e+01 7.140201274471522433e-03 2.000840000000000032e+02
1.419999999999999929e+01 7.058725952200997807e-03 2.000540000000000020e+02
1.469999999999999929e+01 6.831800384549948160e-03 2.001490000000000009e+02
1.540000000000000036e+01 6.619091466478897734e-03 2.001209999999999809e+02
1.610000000000000142e+01 6.537616144208373108e-03 2.000970000000000084e+02
1.680000000000000071e+01 6.456140821937848481e-03 2.003849999999999909e+02
1.739999999999999858e+01 6.367557174877322944e-03 1.999099999999999966e+02
1.800000000000000000e+01 6.278973527816798274e-03 1.997159999999999798e+02
1.869999999999999929e+01 6.197498205546273647e-03 2.000070000000000050e+02
1.950000000000000000e+01 6.123131208065748197e-03 2.000209999999999866e+02
2.010000000000000142e+01 6.165781156805748460e-03 1.999779999999999802e+02
2.080000000000000071e+01 6.084305834535223834e-03 2.000349999999999966e+02
2.130000000000000071e+01 5.988613862684698252e-03 1.999230000000000018e+02
2.210000000000000142e+01 5.914246865204173670e-03 1.999199999999999875e+02
2.289999999999999858e+01 5.971113463524174020e-03 1.999199999999999875e+02
2.339999999999999858e+01 5.875421491673648439e-03 1.999140000000000157e+02
2.410000000000000142e+01 5.793946169403123812e-03 1.999499999999999886e+02
2.480000000000000071e+01 5.843704442933124119e-03 1.999670000000000130e+02
2.550000000000000000e+01 5.762229120662598625e-03 1.999470000000000027e+02
2.619999999999999929e+01 5.811987394192598931e-03 1.998729999999999905e+02
2.680000000000000071e+01 5.723403747132074261e-03 1.999250000000000114e+02
2.739999999999999858e+01 5.634820100071548724e-03 1.999409999999999741e+02
2.819999999999999929e+01 5.691686698391549074e-03 1.999709999999999752e+02
2.880000000000000071e+01 5.603103051331024403e-03 1.999259999999999877e+02
2.950000000000000000e+01 5.652861324861023842e-03 1.999259999999999877e+02
