2.989999999999999858e+01 -3.155975717186325184e-03 1.000470000000000113e+02
2.939999999999999858e+01 -3.191517341136325403e-03 1.001220000000000141e+02
2.880000000000000071e+01 -3.102933694075800733e-03 1.000060000000000002e+02
2.800000000000000000e+01 -3.028566696595275283e-03 1.000320000000000107e+02
2.739999999999999858e+01 -3.071216645335275545e-03 1.001070000000000135e+02
2.660000000000000142e+01 -2.996849647854750529e-03 9.997299999999999898e+01
2.610000000000000142e+01 -3.032391271804750314e-03 1.001310000000000002e+02
2.530000000000000071e+01 -2.958024274324225298e-03 1.000870000000000033e+02
2.460000000000000142e+01 -3.007782547854225171e-03 1.001250000000000000e+02
2.400000000000000000e+01 -2.919198900793700500e-03 1.002510000000000048e+02
2.310000000000000142e+01 -2.983173823903700460e-03 1.000079999999999956e+02
2.289999999999999858e+01 -2.997390473483700548e-03 1.000939999999999941e+02
2.200000000000000000e+01 -2.930131800793175575e-03 1.001250000000000000e+02
2.060000000000000142e+01 -2.898414752052650388e-03 1.000329999999999870e+02
2.039999999999999858e+01 -2.912631401632650475e-03 1.000739999999999981e+02
1.939999999999999858e+01 -2.852481053732125980e-03 9.999700000000001410e+01
1.869999999999999929e+01 -2.902239327262125853e-03 1.001179999999999950e+02
1.880000000000000071e+01 -2.895131002472125376e-03 1.001170000000000044e+02
1.719999999999999929e+01 -2.877630603311601143e-03 1.000970000000000084e+02
1.680000000000000071e+01 -2.906063902471600451e-03 1.000779999999999887e+02
1.710000000000000142e+01 -2.884738928101600753e-03 1.001189999999999998e+02
1.519999999999999929e+01 -2.888563503311076218e-03 1.000470000000000113e+02
1.480000000000000071e+01 -2.916996802471075526e-03 1.000889999999999986e+02
1.480000000000000071e+01 -2.785763206670550593e-03 1.001410000000000053e+02
1.350000000000000000e+01 -2.746937833140026229e-03 1.000499999999999972e+02
1.269999999999999929e+01 -2.803804431460026145e-03 9.998200000000001353e+01
1.309999999999999964e+01 -2.775371132300025970e-03 1.001470000000000056e+02
1.159999999999999964e+01 -2.750762408349501260e-03 1.002939999999999969e+02
1.069999999999999929e+01 -2.814737331459501220e-03 1.000570000000000022e+02
1.100000000000000000e+01 -2.662178761288976157e-03 1.000060000000000002e+02
9.300000000000000711e+00 -2.783020282718976033e-03 1.001360000000000099e+02
9.500000000000000000e+00 -2.637570037338451447e-03 1.000870000000000033e+02
9.099999999999999645e+00 -2.666003336498451188e-03 9.999500000000000455e+01
8.099999999999999645e+00 -2.605852988597926259e-03 1.000859999999999985e+02
7.599999999999999645e+00 -2.641394612547926478e-03 1.000529999999999973e+02
6.799999999999999822e+00 -2.567027615067401462e-03 1.000339999999999918e+02
6.000000000000000000e+00 -2.623894213387401378e-03 1.000370000000000061e+02
5.500000000000000000e+00 -2.528202241536876664e-03 1.001389999999999958e+02
4.700000000000000178e+00 -2.585068839856876580e-03 9.995600000000000307e+01
4.000000000000000000e+00 -2.503593517586351520e-03 9.998600000000000421e+01
3.500000000000000000e+00 -2.539135141536351739e-03 1.000949999999999989e+02
2.700000000000000178e+00 -2.464768144055826723e-03 1.001400000000000006e+02
2.299999999999999822e+00 -2.493201443215826464e-03 1.001289999999999907e+02
1.199999999999999956e+00 -2.440159420105301579e-03 1.001070000000000135e+02
8.000000000000000444e-01 -2.337359123464776822e-03 1.004339999999999975e+02
2.000000000000000111e-01 -2.380009072204776650e-03 9.998000000000000398e+01
-1.300000000000000044e+00 -2.355400348254251940e-03 1.001739999999999924e+02
-2.100000000000000089e+00 -2.412266946574251857e-03 1.001250000000000000e+02
-2.000000000000000000e+00 -2.273925025983726880e-03 1.001929999999999978e+02
-3.200000000000000178e+00 -2.359224923463726972e-03 9.985899999999999466e+01
-4.099999999999999645e+00 -2.291966250773201999e-03 1.001389999999999958e+02
-4.700000000000000178e+00 -2.203382603712677329e-03 1.001550000000000011e+02
-4.599999999999999645e+00 -2.196274278922677285e-03 1.000779999999999887e+02
-5.700000000000000178e+00 -2.143232255812151967e-03 9.992399999999999238e+01
-6.700000000000000178e+00 -2.083081907911627471e-03 1.002259999999999991e+02
-7.000000000000000000e+00 -2.104406882281626735e-03 1.001050000000000040e+02
-7.900000000000000355e+00 -2.037148209591102196e-03 1.000799999999999983e+02
-8.800000000000000711e+00 -1.969889536900577658e-03 1.000550000000000068e+02
-9.599999999999999645e+00 -1.895522539420052208e-03 1.001139999999999901e+02
-9.800000000000000711e+00 -1.909739189000052295e-03 1.000799999999999983e+02
-1.080000000000000071e+01 -1.849588841099527800e-03 1.002029999999999887e+02
-1.133999999999999986e+01 -1.887973794965527689e-03 1.002549999999999955e+02
-1.219999999999999929e+01 -1.817871792359002613e-03 1.001329999999999956e+02
-1.290000000000000036e+01 -1.867630065889002919e-03 1.000939999999999941e+02
-1.330000000000000071e+01 -1.764829769248477294e-03 1.000999999999999943e+02
-1.419999999999999929e+01 -1.697571096557952755e-03 1.001189999999999998e+02
-1.430000000000000071e+01 -1.573445825547427866e-03 1.000770000000000124e+02
-1.490000000000000036e+01 -1.616095774287428129e-03 1.000870000000000033e+02
-1.610000000000000142e+01 -1.438928480166377921e-03 1.002289999999999992e+02
-1.719999999999999929e+01 -1.517120052856377535e-03 1.000529999999999973e+02
-1.730000000000000071e+01 -1.392994781845852646e-03 1.000329999999999870e+02
-1.819999999999999929e+01 -1.325736109155328107e-03 1.000720000000000027e+02
-1.860000000000000142e+01 -1.354169408315328282e-03 1.000870000000000033e+02
-1.900000000000000000e+01 -1.251369111674802657e-03 1.000150000000000006e+02
-1.960000000000000142e+01 -1.162785464614277987e-03 1.000070000000000050e+02
-2.100000000000000000e+01 -1.131068415873753667e-03 1.001460000000000008e+02
-2.160000000000000142e+01 -1.042484768813228130e-03 1.000760000000000076e+02
-2.230000000000000071e+01 -9.610094465427035035e-04 1.001779999999999973e+02
-2.310000000000000142e+01 -7.554088532616522536e-04 9.997700000000000387e+01
-2.360000000000000142e+01 -7.909504772116524723e-04 1.001289999999999907e+02
-2.419999999999999929e+01 -7.023668301511278023e-04 1.000789999999999935e+02
-2.510000000000000142e+01 -6.351081574606032634e-04 1.000970000000000084e+02
-2.550000000000000000e+01 -5.323078608200785058e-04 1.000289999999999964e+02
-2.610000000000000142e+01 -4.437242137595538358e-04 1.000320000000000107e+02
-2.639999999999999858e+01 -3.338155923290290344e-04 1.000979999999999990e+02
-2.719999999999999929e+01 -2.594485948485035845e-04 1.001139999999999901e+02
-2.760000000000000142e+01 -1.566482982079788269e-04 1.000770000000000124e+02
-2.839999999999999858e+01 -8.228130072745424434e-05 1.001070000000000135e+02
-2.860000000000000142e+01 3.473564549307060073e-05 1.001299999999999955e+02
-2.930000000000000071e+01 1.162109677635960944e-04 9.996399999999999864e+01
-3.000000000000000000e+01 3.289198858346456533e-04 1.000840000000000032e+02
-3.080000000000000071e+01 5.345204791156960358e-04 1.002239999999999895e+02
-3.119999999999999929e+01 6.373207757562207934e-04 1.002060000000000031e+02
-3.200000000000000000e+01 8.429213690372703086e-04 1.000690000000000026e+02
-3.250000000000000000e+01 1.069846936688319955e-03 1.000779999999999887e+02
-3.279999999999999716e+01 1.310989153919369689e-03 1.001260000000000048e+02
-3.360000000000000142e+01 1.647823343000944137e-03 1.003209999999999980e+02
-3.429999999999999716e+01 1.991765856872519495e-03 9.997599999999999909e+01
-3.500000000000000000e+01 2.466941966544619787e-03 1.001850000000000023e+02
-3.539999999999999858e+01 2.700975858985669477e-03 1.000179999999999865e+02
-3.589999999999999858e+01 3.190368618237769856e-03 9.988299999999999557e+01
-3.670000000000000284e+01 3.920903594720919101e-03 1.002249999999999943e+02
-3.689999999999999858e+01 4.300387732542493811e-03 9.982799999999998875e+01
-3.750000000000000000e+01 5.045139358605643144e-03 1.001570000000000107e+02
-3.789999999999999858e+01 5.410406846847217767e-03 9.982200000000000273e+01
-3.870000000000000284e+01 6.403409014931416877e-03 1.000179999999999865e+02
-3.910000000000000142e+01 6.899910098973516433e-03 1.000979999999999990e+02
-3.963000000000000256e+01 7.780871148190191856e-03 9.989499999999999602e+01
-4.020000000000000284e+01 8.396521675889816877e-03 9.988700000000000045e+01
-4.060000000000000142e+01 9.286723547333491230e-03 9.980100000000000193e+01
-4.129999999999999716e+01 1.028683404020768952e-02 1.000499999999999972e+02
-4.170000000000000284e+01 1.078333512424978907e-02 9.979500000000000171e+01
-4.239999999999999858e+01 1.165221202132346590e-02 1.001020000000000039e+02
-4.260000000000000142e+01 1.242539694654661367e-02 9.990999999999999659e+01
-4.329999999999999716e+01 1.303180665201923716e-02 1.000289999999999964e+02
-4.400000000000000000e+01 1.390068354909291051e-02 1.000000000000000000e+02
-4.439999999999999858e+01 1.452841822893553847e-02 9.990299999999999159e+01
-4.489999999999999858e+01 1.501781098818763191e-02 1.000660000000000025e+02
-4.550000000000000000e+01 1.563132901845025804e-02 9.997599999999999909e+01
-4.589999999999999858e+01 1.625906369829288600e-02 9.994299999999999784e+01
-4.629999999999999716e+01 1.662433118653446062e-02 1.002429999999999950e+02
-4.689999999999999858e+01 1.710661562099656183e-02 1.001110000000000042e+02
-4.739999999999999858e+01 1.746477478444813727e-02 9.982099999999999795e+01
-4.789999999999999858e+01 1.782293394789970925e-02 1.001299999999999955e+02
-4.839999999999999858e+01 1.804985951555075976e-02 9.987799999999998590e+01
-4.889999999999999858e+01 1.840801867900233521e-02 9.991299999999999670e+01
-4.939999999999999858e+01 1.863494424665338225e-02 9.979600000000000648e+01
-4.989999999999999858e+01 1.886186981430442930e-02 1.000559999999999974e+02
-5.029999999999999716e+01 1.909590370674548593e-02 9.969200000000000728e+01
-5.089999999999999858e+01 1.931572094960653727e-02 9.974500000000000455e+01
-5.129999999999999716e+01 1.954975484204758349e-02 9.996200000000000330e+01
-5.179999999999999716e+01 1.977668040969863400e-02 9.987799999999998590e+01
-5.250000000000000000e+01 1.998938932776968269e-02 9.989399999999999125e+01
-5.260000000000000142e+01 2.011351459878020845e-02 9.999200000000000443e+01
-5.320000000000000284e+01 2.020209824584073832e-02 9.977700000000000102e+01
-5.389999999999999858e+01 2.041480716391178354e-02 1.001009999999999991e+02
-5.429999999999999716e+01 2.051760746055230830e-02 9.990799999999998704e+01
-5.470000000000000284e+01 2.062040775719283306e-02 9.962999999999999545e+01
-5.500000000000000000e+01 2.086154997442388540e-02 9.973899999999999011e+01
-5.570000000000000284e+01 2.094302529669440915e-02 9.988500000000000512e+01
-5.600000000000000000e+01 2.105293391812492962e-02 9.984600000000000364e+01
-5.720000000000000284e+01 2.136133480804651083e-02 9.993299999999999272e+01
-5.839999999999999858e+01 2.153850210216755323e-02 9.986799999999999500e+01
-5.929999999999999716e+01 2.160576077485808211e-02 1.001089999999999947e+02
-6.050000000000000000e+01 2.178292806897912451e-02 9.978900000000000148e+01
-6.139999999999999858e+01 2.198142033747018179e-02 9.990999999999999659e+01
-6.279999999999999716e+01 2.214437098201123277e-02 9.993799999999998818e+01
-6.400000000000000000e+01 2.232153827613228211e-02 9.989200000000001012e+01
-6.409999999999999432e+01 2.244566354714280440e-02 9.989100000000000534e+01
-6.509999999999999432e+01 2.263704749084386250e-02 9.990200000000000102e+01
-6.540000000000000568e+01 2.261572251647385803e-02 1.000699999999999932e+02
-6.640000000000000568e+01 2.267587286437438079e-02 1.001350000000000051e+02
-6.709999999999999432e+01 2.275734818664491149e-02 1.000540000000000020e+02
-6.809999999999999432e+01 2.281749853454542384e-02 9.988799999999999102e+01
-6.809999999999999432e+01 2.294873213034595225e-02 9.998200000000001353e+01
-6.950000000000000000e+01 2.298044917908648177e-02 1.000489999999999924e+02
-6.879999999999999716e+01 2.303020745261648294e-02 1.001959999999999980e+02
-7.000000000000000000e+01 2.294490755513648242e-02 1.002770000000000010e+02
-7.029999999999999716e+01 2.292358258076648142e-02 1.002000000000000028e+02
-6.920000000000000284e+01 2.300177415345648277e-02 1.002439999999999998e+02
-6.900000000000000000e+01 2.301599080303648112e-02 1.003750000000000000e+02
-6.920000000000000284e+01 2.300177415345648277e-02 1.000679999999999978e+02
-7.029999999999999716e+01 2.292358258076648142e-02 1.000879999999999939e+02
-7.000000000000000000e+01 2.294490755513648242e-02 1.002029999999999887e+02
-6.929999999999999716e+01 2.299466582866648359e-02 1.001149999999999949e+02
-6.940000000000000568e+01 2.298755750387648095e-02 1.000100000000000051e+02
-7.000000000000000000e+01 2.294490755513648242e-02 1.003610000000000042e+02
-6.959999999999999432e+01 2.310457445009701100e-02 9.999799999999999045e+01
-6.959999999999999432e+01 2.310457445009701100e-02 1.001420000000000101e+02
-6.909999999999999432e+01 2.300888247824648195e-02 1.000460000000000065e+02
-6.979999999999999716e+01 2.295912420471648077e-02 1.001350000000000051e+02
-7.000000000000000000e+01 2.294490755513648242e-02 9.971099999999999852e+01
-6.940000000000000568e+01 2.311879109967700935e-02 1.001970000000000027e+02
-6.929999999999999716e+01 2.299466582866648359e-02 1.001159999999999997e+02
-6.909999999999999432e+01 2.300888247824648195e-02 9.996399999999999864e+01
-7.029999999999999716e+01 2.292358258076648142e-02 1.001009999999999991e+02
-7.050000000000000000e+01 2.290936593118647960e-02 1.000779999999999887e+02
-6.909999999999999432e+01 2.300888247824648195e-02 1.003160000000000025e+02
-6.890000000000000568e+01 2.302309912782648030e-02 1.002560000000000002e+02
-7.059999999999999432e+01 2.303349120219700882e-02 1.003870000000000005e+02
-7.000000000000000000e+01 2.307614115093701082e-02 9.997100000000000364e+01
-6.900000000000000000e+01 2.301599080303648112e-02 1.000279999999999916e+02
-7.040000000000000568e+01 2.291647425597648224e-02 1.001510000000000105e+02
-7.040000000000000568e+01 2.291647425597648224e-02 1.004660000000000082e+02
-6.900000000000000000e+01 2.301599080303648112e-02 9.970999999999999375e+01
-6.850000000000000000e+01 2.292029883118595207e-02 9.985099999999999909e+01
-6.850000000000000000e+01 2.292029883118595207e-02 9.999799999999999045e+01
-6.809999999999999432e+01 2.294873213034595225e-02 1.000859999999999985e+02
-6.790000000000000568e+01 2.283171518412542220e-02 1.000199999999999960e+02
-6.709999999999999432e+01 2.288858178244542602e-02 1.000240000000000009e+02
-6.550000000000000000e+01 2.300231497908542325e-02 1.000520000000000067e+02
-6.590000000000000568e+01 2.284264808412490855e-02 1.000920000000000130e+02
-6.529999999999999716e+01 2.275406443706438214e-02 9.992200000000001125e+01
-6.420000000000000284e+01 2.283225600975438349e-02 1.000699999999999932e+02
-6.320000000000000284e+01 2.277210566185386073e-02 1.001749999999999972e+02
-6.229999999999999716e+01 2.283608058496386026e-02 9.946200000000000330e+01
-6.200000000000000000e+01 2.272617196353332591e-02 1.000529999999999973e+02
-6.110000000000000142e+01 2.265891329084280398e-02 9.992900000000000205e+01
-6.060000000000000142e+01 2.269445491479280333e-02 1.000559999999999974e+02
-5.970000000000000284e+01 2.275842983790280286e-02 9.998899999999999011e+01
-5.910000000000000142e+01 2.266984619084228339e-02 1.000760000000000076e+02
-5.870000000000000284e+01 2.256704589420175169e-02 1.000179999999999865e+02
-5.789999999999999858e+01 2.262391249252175204e-02 9.989900000000000091e+01
-5.710000000000000142e+01 2.254954549504123093e-02 9.993999999999999773e+01
-5.650000000000000000e+01 2.246096184798071146e-02 1.000739999999999981e+02
-5.579999999999999716e+01 2.251072012151071264e-02 1.000889999999999986e+02
-5.539999999999999858e+01 2.240791982487018094e-02 1.000550000000000068e+02
-5.470000000000000284e+01 2.245767809840018212e-02 1.000540000000000020e+02
-5.450000000000000000e+01 2.234066115217965207e-02 1.000660000000000025e+02
-5.410000000000000142e+01 2.236909445133965571e-02 1.000179999999999865e+02
-5.260000000000000142e+01 2.234448572738912536e-02 1.001009999999999991e+02
-5.189999999999999858e+01 2.226301040511861201e-02 1.000789999999999935e+02
-5.170000000000000284e+01 2.227722705469861036e-02 1.000329999999999870e+02
-5.079999999999999716e+01 2.220996838200808149e-02 1.000260000000000105e+02
-5.020000000000000284e+01 2.212138473494755508e-02 1.000520000000000067e+02
-4.979999999999999716e+01 2.214981803410755526e-02 1.000649999999999977e+02
-4.929999999999999716e+01 2.205412606225703315e-02 1.000999999999999943e+02
-4.870000000000000284e+01 2.209677601099703168e-02 9.995000000000000284e+01
-4.800000000000000000e+01 2.201530068872651139e-02 9.988799999999999102e+01
-4.760000000000000142e+01 2.204373398788651156e-02 1.000750000000000028e+02
-4.700000000000000000e+01 2.195515034082598169e-02 1.001089999999999947e+02
-4.650000000000000000e+01 2.199069196477598451e-02 9.985500000000000398e+01
-4.589999999999999858e+01 2.190210831771545463e-02 9.997200000000000841e+01
-4.529999999999999716e+01 2.194475826645545316e-02 1.000460000000000065e+02
-4.479999999999999716e+01 2.184906629460493105e-02 1.000579999999999927e+02
-4.420000000000000284e+01 2.189171624334492958e-02 1.000770000000000124e+02
-4.360000000000000142e+01 2.180313259628440664e-02 9.994299999999999784e+01
-4.300000000000000000e+01 2.184578254502440864e-02 1.000240000000000009e+02
-4.250000000000000000e+01 2.175009057317388306e-02 9.997200000000000841e+01
-4.189999999999999858e+01 2.179274052191388159e-02 1.000120000000000005e+02
-4.120000000000000284e+01 2.171126519964336130e-02 9.993200000000000216e+01
-4.060000000000000142e+01 2.175391514838336329e-02 9.999099999999999966e+01
-4.000000000000000000e+01 2.166533150132283342e-02 9.999899999999999523e+01
-3.929999999999999716e+01 2.171508977485283459e-02 1.000070000000000050e+02
-3.879999999999999716e+01 2.161939780300230901e-02 1.000220000000000056e+02
-3.810000000000000142e+01 2.166915607653230672e-02 9.995299999999998875e+01
-3.739999999999999858e+01 2.158768075426178296e-02 9.997100000000000364e+01
-3.679999999999999716e+01 2.163033070300178495e-02 9.985399999999999920e+01
-3.610000000000000142e+01 2.154885538073125772e-02 9.998899999999999011e+01
-3.550000000000000000e+01 2.146027173367073826e-02 9.984799999999999898e+01
-3.479999999999999716e+01 2.151003000720073596e-02 1.000979999999999990e+02
-3.410000000000000142e+01 2.142855468493020873e-02 9.984700000000000841e+01
-3.360000000000000142e+01 2.133286271307968315e-02 1.000610000000000070e+02
-3.279999999999999716e+01 2.138972931139968350e-02 9.997100000000000364e+01
-3.220000000000000284e+01 2.130114566433916404e-02 9.991400000000000148e+01
-3.150000000000000000e+01 2.121967034206863334e-02 9.995799999999999841e+01
-3.080000000000000071e+01 2.126942861559863451e-02 9.992100000000000648e+01
-3.019999999999999929e+01 2.118084496853811158e-02 9.991599999999999682e+01
-2.950000000000000000e+01 2.109936964626758435e-02 9.988200000000000500e+01
-2.894999999999999929e+01 2.113846543261258329e-02 9.999799999999999045e+01
-2.819999999999999929e+01 2.106054427273705912e-02 1.001239999999999952e+02
-2.750000000000000000e+01 2.097906895046653883e-02 1.000279999999999916e+02
-2.689999999999999858e+01 2.089048530340600549e-02 1.000570000000000022e+02
-2.630000000000000071e+01 2.093313525214600748e-02 9.990399999999999636e+01
-2.550000000000000000e+01 2.085876825466548290e-02 9.996500000000000341e+01
-2.489999999999999858e+01 2.077018460760495996e-02 9.988500000000000512e+01
-2.419999999999999929e+01 2.068870928533443274e-02 9.990700000000001069e+01
-2.360000000000000142e+01 2.073135923407443126e-02 9.984499999999999886e+01
-2.280000000000000071e+01 2.065699223659391015e-02 9.998499999999999943e+01
-2.219999999999999929e+01 2.056840858953338028e-02 9.985799999999998988e+01
-2.160000000000000142e+01 2.047982494247286081e-02 9.991799999999999216e+01
-2.080000000000000071e+01 2.040545794499233623e-02 9.996099999999999852e+01
-2.019999999999999929e+01 2.031687429793180635e-02 9.987700000000000955e+01
-1.950000000000000000e+01 2.023539897566128606e-02 9.993799999999998818e+01
-1.880000000000000071e+01 2.015392365339075884e-02 9.986299999999999955e+01
-1.830000000000000071e+01 2.005823168154023325e-02 9.988299999999999557e+01
-1.750000000000000000e+01 1.998386468405970867e-02 9.996799999999998931e+01
-1.680000000000000071e+01 1.990238936178918144e-02 9.990999999999999659e+01
-1.619999999999999929e+01 1.981380571472866198e-02 9.993899999999999295e+01
-1.550000000000000000e+01 1.973233039245813475e-02 9.995499999999999829e+01
-1.490000000000000036e+01 1.964374674539761528e-02 9.992200000000001125e+01
-1.409999999999999964e+01 1.943814615211656230e-02 9.988200000000000500e+01
-1.350000000000000000e+01 1.921832890925551096e-02 1.000070000000000050e+02
-1.280000000000000071e+01 1.913685358698499067e-02 9.996500000000000341e+01
-1.209999999999999964e+01 1.892414466891393504e-02 9.994400000000000261e+01
-1.159999999999999964e+01 1.869721910126288453e-02 9.997700000000000387e+01
-1.090000000000000036e+01 1.848451018319183584e-02 9.994400000000000261e+01
-9.900000000000000355e+00 1.816189264369025627e-02 1.000720000000000027e+02
-9.500000000000000000e+00 1.792785875124921005e-02 9.991599999999999682e+01
-1.600000000000000089e+00 1.335293347002666775e-02 1.002849999999999966e+02
-6.999999999999999556e-01 1.079223647712617036e-02 1.001029999999999944e+02
-1.000000000000000056e-01 8.210214509855670237e-03 1.007060000000000031e+02
8.000000000000000444e-01 3.549779984146772191e-03 1.005810000000000031e+02
1.399999999999999911e+00 1.886393187479947463e-03 1.003179999999999978e+02
2.000000000000000000e+00 6.167071782146983996e-04 1.004689999999999941e+02
2.700000000000000178e+00 -1.209361230584513232e-04 1.002909999999999968e+02
3.399999999999999911e+00 -4.648786369300258146e-04 9.987100000000000932e+01
4.000000000000000000e+00 -6.846958797910758510e-04 1.002560000000000002e+02
4.799999999999999822e+00 -8.902964730721257998e-04 1.002020000000000124e+02
5.500000000000000000e+00 -1.234238986943700725e-03 1.005039999999999907e+02
6.299999999999999822e+00 -1.439839580224751107e-03 1.001620000000000061e+02
6.799999999999999822e+00 -1.535531552075274954e-03 1.001779999999999973e+02
7.400000000000000355e+00 -1.624115199135800491e-03 1.000690000000000026e+02
8.099999999999999645e+00 -1.705590521406325118e-03 1.002479999999999905e+02
8.800000000000000711e+00 -1.787065843676850611e-03 1.002300000000000040e+02
9.400000000000000355e+00 -1.875649490737375281e-03 1.001529999999999916e+02
1.009999999999999964e+01 -1.957124813007899908e-03 1.001340000000000003e+02
1.069999999999999929e+01 -2.045708460068425445e-03 1.000079999999999956e+02
1.140000000000000036e+01 -2.127183782338949204e-03 9.992100000000000648e+01
1.200000000000000000e+01 -2.215767429399475609e-03 1.000589999999999975e+02
1.269999999999999929e+01 -2.297242751669999368e-03 9.995399999999999352e+01
1.350000000000000000e+01 -2.371609749150524818e-03 9.987799999999998590e+01
1.400000000000000000e+01 -2.336068125200524599e-03 9.985799999999998988e+01
1.469999999999999929e+01 -2.417543447471050093e-03 1.001579999999999870e+02
1.540000000000000036e+01 -2.499018769741574719e-03 9.998000000000000398e+01
1.600000000000000000e+01 -2.456368821001575324e-03 9.984700000000000841e+01
1.669999999999999929e+01 -2.537844143272099083e-03 1.000979999999999990e+02
1.730000000000000071e+01 -2.626427790332623753e-03 9.993000000000000682e+01
1.810000000000000142e+01 -2.569561192012624271e-03 9.988799999999999102e+01
1.869999999999999929e+01 -2.658144839073149808e-03 9.990399999999999636e+01
1.930000000000000071e+01 -2.615494890333149546e-03 9.984799999999999898e+01
2.000000000000000000e+01 -2.696970212603675039e-03 9.976500000000000057e+01
2.069999999999999929e+01 -2.778445534874199666e-03 9.998299999999998988e+01
2.139999999999999858e+01 -2.728687261344199359e-03 9.978200000000001069e+01
2.210000000000000142e+01 -2.810162583614723118e-03 9.983100000000000307e+01
2.260000000000000142e+01 -2.774620959664723767e-03 9.990600000000000591e+01
2.339999999999999858e+01 -2.848987957145248349e-03 9.965000000000000568e+01
2.400000000000000000e+01 -2.806338008405248087e-03 9.988100000000000023e+01
2.469999999999999929e+01 -2.887813330675773581e-03 9.994700000000000273e+01
2.539999999999999858e+01 -2.838055057145774142e-03 9.991899999999999693e+01
2.600000000000000000e+01 -2.926638704206298812e-03 9.986700000000000443e+01
2.669999999999999929e+01 -2.876880430676299373e-03 9.970200000000001239e+01
2.739999999999999858e+01 -2.958355752946823999e-03 9.987000000000000455e+01
2.800000000000000000e+01 -2.915705804206823737e-03 9.999099999999999966e+01
2.880000000000000071e+01 -2.990072801687349187e-03 9.987600000000000477e+01
2.860000000000000142e+01 -3.135523047067873340e-03 9.995399999999999352e+01
2.669999999999999929e+01 -3.270581218077874171e-03 9.973899999999999011e+01
2.719999999999999929e+01 -3.366273189928399752e-03 9.994899999999999807e+01
2.819999999999999929e+01 -3.426423537828924247e-03 9.975399999999999068e+01
2.960000000000000142e+01 -3.458140586569448567e-03 9.997200000000000841e+01
